translationKey,sourceValue,overrideValue
confirm_body.removing_identity,Are you sure you would like to delete this kind of identification?,Are you sure you would like to delete this kind of identification?
alert_error.required_field,Please note this field is required.,Please note this field is required.
custom_header.crop10,{DashboardUtil:uCrop10},{DashboardUtil:uCrop10}
column.lipa_mpesa_number,Lipa mpesa number,Lipa mpesa number
table_heading.Fertilizer_Selected,Fertilizer Selected,Fertilizer Selected
view_heading.view_Location,View Location,View Location
table_heading.StringGroups,StringGroups,StringGroups
button.Upload_Content,Upload Content,Upload Content
view_heading.manage_Voucher_Template,Manage Voucher Template,Manage Voucher Template
reports_totalfarmers.Total_Farmers,Total Farmers,Total Farmers
label.bank_Name,Bank Name,Bank Name
button.Cancel,Cancel,Cancel
view_heading.Form_Report,Form Report,Form Report
model.system.config,Configs,Configs
column_heading.voucher_batch_location,Voucher batch location,Voucher batch location
confirm_body.Archive_Message_Schedule_Config,Are you sure you would like to archive this Message Schedule Configuration item?,Are you sure you would like to archive this Message Schedule Configuration item?
reportsviewheading.Fertilizer_Distribution_Status,Fertilizer Distribution Status,Fertilizer Distribution Status
column_heading.Female_Farmers,Female Farmers,Female Farmers
result.config_description_updated,Config description updated.,Config description updated.
alert_error.duplicate_scheduled_function_config,Unable to save new scheduled function.,Unable to save new scheduled function.
menu_item.ServicePointType,ServicePointType,ServicePointType
alert.error.voucher_batch.insufficient_stock,Insufficient stock for {fStockName} in county {fCountyName},Insufficient stock for {fStockName} in county {fCountyName}
alert.voucher.found,Voucher found.,Voucher found.
column_heading.Quantity,Quantity,Quantity
column_heading.quantity,Quantity,Quantity
custom_header.reportsgenerictemplate_column_string9,{ReportsGenericViewerLabels:column_string9},{ReportsGenericViewerLabels:column_string9}
column_heading.Current_Translation,Current Translation,Current Translation
info.LastUpdatePath,LastUpdatePath,LastUpdatePath
custom_header.crop37,{DashboardUtil:uCrop37},{DashboardUtil:uCrop37}
alert_error.template.exists,{field}: already exists.,{field}: already exists.
string_label.URL,URL,URL
view_heading.receive_Stock,Receive Stock,Receive Stock
alert.uploadfile.confirmprocessbodyquick,Please confirm that you wish to process this file immediately?,Please confirm that you wish to process this file immediately?
input.Comment,Comment,Comment
column_heading.farmer.nokfirstname,nokfirstname,nokfirstname
column.Date_Last_Updated,Date Last Updated,Date Last Updated
custom_header.crop72,{DashboardUtil:uCrop72},{DashboardUtil:uCrop72}
table_title.SMS_Content,SMS Content,SMS Content
button.Back,Back,Back
label.destination,Destination,Destination
alert.farmer.request.voucher_exists_active,Voucher already issued. Code: {voucherCode},Voucher already issued. Code: {voucherCode}
label.voucher_category,Voucher category,Voucher category
info.Processed_Time,Processed Time,Processed Time
info.scheduled_function_config_triggered,Scheduled Function manually triggered,Scheduled Function manually triggered
custom_header.crop2,{DashboardUtil:uCrop2},{DashboardUtil:uCrop2}
column.amount,Amount,Amount
custom_header.question_6,{Reportviewer:uQuestion6Header},{Reportviewer:uQuestion6Header}
custom_header.reportsgenerictemplate_column_int3,{ReportsGenericViewerLabels:column_int3},{ReportsGenericViewerLabels:column_int3}
table_heading.Orders,Orders,Orders
alert.crop.active_croptype,Crop is still in use by active VoucherBatches.,Crop is still in use by active VoucherBatches.
alert_success.sms.sms_injected,SMS Injected.,SMS Injected.
column_heading.type,Type,Type
label.desc,Desc,Desc
reportstableheading.Stock_Recon_Report,Stock Reconiliation Report,Stock Reconiliation Report
column.datetime_modified,Datetime modified,Datetime modified
view_heading.view_farmer_crop,View farmer crop,View farmer crop
custom_header.hierarchy_level_nine,Hierarchy level nine,Hierarchy level nine
alert_error.object_not_found,Object not found.,Object not found.
alert.field.empty,{uFieldName} is empty.,{uFieldName} is empty.
button.delete,Delete,Delete
column.Farmer_Mobile_Number,Farmer Mobile Number,Farmer Mobile Number
column.gender,Gender,Gender
column.receipt_number,Receipt number,Receipt number
column_heading.source,Source,Source
column.Verified_farmers,Verified farmers,Verified farmers
view_heading.issue_Stock,Issue Stock,Issue Stock
table_heading.available_web_users_for_Service_Point,Available web users for Service Point,Available web users for Service Point
column.agro_dealer,Agro dealer,Agro dealer
label.Location_Start,Location Start,Location Start
custom_header.crop19,{DashboardUtil:uCrop19},{DashboardUtil:uCrop19}
button.add_farmer,Add farmer,Add farmer
label.Enterprise_Category_*,Enterprise Category *,Enterprise Category *
alert.object.voucher_batch_request_code_required,Please enter a valid alphanumeric Request Code,Please enter a valid alphanumeric Request Code
table_heading.voucher,Voucher,Voucher
view_heading.edit_Voucher_Template,Edit Voucher Template,Edit Voucher Template
table_heading.Farmer_Vouchers,Farmer Vouchers,Farmer Vouchers
column_heading.content,Content,Content
label.initial_budget,Initial budget,Initial budget
custom_header.crop67,{DashboardUtil:uCrop67},{DashboardUtil:uCrop67}
label.Description,Description,Description
reportstableheading.Daily_Beneficiary_List_Report,Daily Beneficiary List Report,Daily Beneficiary List Report
view_heading.Manage_Stock_At_Locations,Manage Stock At Locations,Manage Stock At Locations
button_heading.Submit,Submit,Submit
column.path,Path,Path
view_heading.Main_Menu,Main Menu,Main Menu
info.Number_of_recipients_in_roles,Number of recipients in roles,Number of recipients in roles
column.bankAccountHolder,BankAccountHolder,BankAccountHolder
confirm_body.remove_web_user_role,Are you sure you would like to remove this Role from this user?,Are you sure you would like to remove this Role from this user?
info.messageCommand,MessageCommand,MessageCommand
menu_item.stock,Stock,Stock
button.Add,Add,Add
table_heading.Available_Object_Types,Available Object Types,Available Object Types
row_action._Toggle_Status,Toggle Status,Toggle Status
alert.object.voucher_template_no_category,Please select a category.,Please select a category.
column.quantity,Quantity,Quantity
custom_header.crop12,{DashboardUtil:uCrop12},{DashboardUtil:uCrop12}
reportsviewheading.Detailed_Till_Transactions_Report,Detailed Till Transactions Report,Detailed Till Transactions Report
button.Add_Variable,Add Variable,Add Variable
label.current_budget,Current budget,Current budget
custom_header.Subcounty_Header,{Reportviewer:uSubCountyHeader},{Reportviewer:uSubCountyHeader}
view_heading.farmer_sms_log,Farmer sms log,Farmer sms log
column_heading.farmer.locationlevel5,locationlevel5,locationlevel5
alert_error.Required_Number,Please note this field is required and may contain numbers only.,Please note this field is required and may contain numbers only.
button.Remove,Remove,Remove
alert.select_order_status.error,Please Select an Order Status,Please Select an Order Status
view_heading.view_mobile_user,View mobile user,View mobile user
alert.error.valid_dob,Please enter a valid date of birth,Please enter a valid date of birth
view_heading.Add_Fertilizer_To_Voucher_Template,Add Fertilizer To Voucher Template,Add Fertilizer To Voucher Template
label.mobile_number,Mobile number,Mobile number
custom_header.crop61,{DashboardUtil:uCrop61},{DashboardUtil:uCrop61}
button.add_location,Add location,Add location
view_heading.manage_stock_item,Manage stock item,Manage stock item
enum.ORDER_STATUS.Received,Received,Received
button.next,Next,Next
button.update_stock,Update stock,Update stock
input.Message_Id,Message Id,Message Id
alert.common.generic,{message},{message}
string_label.password,Password,Password
input.Dropdown_Item,Dropdown Item,Dropdown Item
label.datetime_modified,Datetime modified,Datetime modified
email.subjectKey,{emailSubject},{emailSubject}
column_heading.User_Uuid,User Uuid,User Uuid
button.add_extension_officer_profile,Add extension officer profile,Add extension officer profile
column_heading.length,Length,Length
row_action.(Un)Archive,(Un)Archive,(Un)Archive
string_label.first_name,First name,First name
reports_generic.Date_Archived,Date Archived,Date Archived
button_heading.Remove,Remove,Remove
input.length,Length,Length
column_heading.response,Response,Response
string_label.Lastname,Lastname,Lastname
custom_header.Aggregation_By_Type,{Reportviewer:uAggregationHeader},{Reportviewer:uAggregationHeader}
label.Total_Owed,Total Owed,Total Owed
column.datetime_created,Datetime created,Datetime created
button.voucher_logs,Voucher logs,Voucher logs
label.Stock_Status,Stock Status,Stock Status
button.select,Select,Select
enum.ORDER_STATUS.Partial_Delivery,Partial Delivery,Partial Delivery
label.businessRegType,BusinessRegType,BusinessRegType
view_heading.manage_Web_User,Manage Web User,Manage Web User
column.net_stock_movement,Net stock movement,Net stock movement
label.Manual_Changes_Required,Manual Changes Required,Manual Changes Required
custom_header.crop13,{DashboardUtil:uCrop13},{DashboardUtil:uCrop13}
column.start,Start,Start
column.date_created,Date created,Date created
column_heading.DateArchived,DateArchived,DateArchived
confirmation.send_messages_subject,Approve this message?,Approve this message?
view_heading.view_role_group,View role group,View role group
custom_header.crop24,{DashboardUtil:uCrop24},{DashboardUtil:uCrop24}
button_label.Filter_Remove,Filter Remove,Filter Remove
column_heading.farmer.gender,gender,gender
menu_item.messaging,Messaging,Messaging
view_heading.SMS_Content_Uploads_with_errors,SMS Content Uploads with errors,SMS Content Uploads with errors
column.datetime_archived,Datetime archived,Datetime archived
alert_error.no_message_content,alert_error.no_message_content,alert_error.no_message_content
alert_error.webuser.role_assigned,Role already assigned to Web User.,Role already assigned to Web User.
label.service_point_type,Service point type,Service point type
input.select_form,Select form,Select form
column_heading.Row,Row,Row
alert.error.no_service_point,Could not determine Service Point,Could not determine Service Point
column_heading.Gender,Gender,Gender
view_heading.view_action,View action,View action
custom_header.County_Header,{Reportviewer:uCountyHeader},{Reportviewer:uCountyHeader}
table_heading.Fertilizer_Available,Fertilizer Available,Fertilizer Available
label.dob,Dob,Dob
column_heading.first_name,First name,First name
alert.field.validation.integer,{uFieldName} needs to be a valid integer.,{uFieldName} needs to be a valid integer.
view_heading.Select_Location,Select Location,Select Location
button.add_voucher_template,Add voucher template,Add voucher template
table_heading.Deposited_Orders,Deposited Orders,Deposited Orders
column_heading.Description,Description,Description
view_heading.edit_voucher_category,Edit voucher category,Edit voucher category
row_action.change_state,Change state,Change state
column.redeemed,Redeemed,Redeemed
table_heading.Farmer_Crop_Vouchers_Report_Detail,Farmer Crop Vouchers Report Detail,Farmer Crop Vouchers Report Detail
label.Enterprise_Category,Enterprise Category,Enterprise Category
column_heading.mobile,Mobile,Mobile
custom_header.crop56,{DashboardUtil:uCrop56},{DashboardUtil:uCrop56}
reports_budgetallocatedksh.Budget_allocated_(Ksh),Budget allocated (Ksh),Budget allocated (Ksh)
button.Restore_langfileentries,Restore langfileentries,Restore langfileentries
column.description,Description,Description
view_heading.view_role_group_profile,View role group profile,View role group profile
info.characters,Characters,Characters
label.identification_type,Identification type,Identification type
column_heading.question_order,Question order,Question order
alert.object.voucher_batch_no_days,Please enter a valid number for Active voucher days.,Please enter a valid number for Active voucher days.
label.mobile_role,Mobile role,Mobile role
custom_header.crop90,{DashboardUtil:uCrop90},{DashboardUtil:uCrop90}
label.nok_first_name,Nok first name,Nok first name
column_heading.Price,Price,Price
custom_header.crop47,{DashboardUtil:uCrop47},{DashboardUtil:uCrop47}
view_heading.manage_crop,Manage crop,Manage crop
column_heading.location_level_two,Level 2,Level 2
label.Content,Content,Content
custom_header.crop55,{DashboardUtil:uCrop55},{DashboardUtil:uCrop55}
table_heading.Vouchers,Vouchers,Vouchers
column_heading.key,Key,Key
reportstableheading.Voucher_Codes_Sent_Report,Voucher Codes Sent Report,Voucher Codes Sent Report
table_heading.Language,Language,Language
label.physical_address,Physical address,Physical address
button.add_voucher_category,Add voucher category,Add voucher category
alert_error.invalid_ward_name,Invalid ward specified.,Invalid ward specified.
reportstableheading.Voucher_report_per_county_per_depot,Voucher report per county per depot,Voucher report per county per depot
alert.farmer.request.voucher_batch_not_found,No Voucher Batches match your Request Code,No Voucher Batches match your Request Code
input.Description,Description,Description
button.Assign_Filter,Assign Filter,Assign Filter
column_heading.res,Res,Res
reports_preregisteredfarmers.Pre-Registered_Farmers,Pre-Registered Farmers,Pre-Registered Farmers
column.subsidy_per_bag,Subsidy per bag,Subsidy per bag
reports_depotagrodealer.Depot/Agro_Dealer,Depot/Agro Dealer,Depot/Agro Dealer
input.Re-Enroll,Re-Enroll,Re-Enroll
alert.field.validation.decimal,{uFieldName} needs to be a valid decimal.,{uFieldName} needs to be a valid decimal.
column.regCertNumber,RegCertNumber,RegCertNumber
column_heading.First_Name,First Name,First Name
column.stock_level,Stock level,Stock level
column_heading.expiry,Expiry,Expiry
input.sms_message,Sms message,Sms message
custom_header.crop38,{DashboardUtil:uCrop38},{DashboardUtil:uCrop38}
view_heading.edit_User_Group,Edit User Group,Edit User Group
alert.object.updated,{uObjectName} updated.,{uObjectName} updated.
alert.error.farmer_not_found,Farmer not found,Farmer not found
custom_header.crop98,{DashboardUtil:uCrop98},{DashboardUtil:uCrop98}
error.location_level_four,Level 4 cannot be empty,Level 4 cannot be empty
view_heading.farmer_Profile_-_Crops,Farmer Profile - Crops,Farmer Profile - Crops
custom_header.crop99,{DashboardUtil:uCrop99},{DashboardUtil:uCrop99}
view_heading.create_Internal_Support,Create Internal Support,Create Internal Support
column.Voucher_Batch,Voucher Batch,Voucher Batch
column.weight,Weight,Weight
button.All_Location_Hierarchy,All Location Hierarchy,All Location Hierarchy
label.payment_Preference,Payment Preference,Payment Preference
view_heading.Manage_Categories,Manage Categories,Manage Categories
column_heading.Code_Source,Code Source,Code Source
column_heading.farmer.leasedlrnumber,leasedlrnumber,leasedlrnumber
alert.uploadfile.confirmdeletedone,Uploaded file has been deleted.,Uploaded file has been deleted.
custom_header.hierarchy_level_one,Hierarchy level one,Hierarchy level one
view_heading.User_Message,User Message,User Message
label.template,Template,Template
reports_generic.String_Value,String Value,String Value
info.action,Action,Action
input.To_Date,To Date,To Date
alert.uploadfile.no_fileupload,No file has been uploaded,No file has been uploaded
confirm_subject.Archive_Item,Archive Item,Archive Item
reports_fertilizertype.Fertilizer_type,Fertilizer type,Fertilizer type
reportsviewheading.Voucher_report_per_county_per_depot,Voucher report per county per depot,Voucher report per county per depot
column.paymentPreference,PaymentPreference,PaymentPreference
alert_error.no_message_origin,alert_error.no_message_origin,alert_error.no_message_origin
alert.role_created,New user role created.,New user role created.
alert.message.error,Please complete the comment field,Please complete the comment field
custom_header.hierarchy_level_two,Hierarchy level two,Hierarchy level two
view_heading.verify_farmer_crop,Verify farmer crop,Verify farmer crop
view_heading.audit_scheduled_function_log,Audit scheduled function log,Audit scheduled function log
row_action.Assign,Assign,Assign
table_heading.Order_Items,Order Items,Order Items
alert_error.heirerchy_setup,Please create full user hierarchy first,Please create full user hierarchy first
view_heading.User_bulk_message,User bulk message,User bulk message
column.Voucher_Code,Voucher Code,Voucher Code
string_label.Barcode,Barcode,Barcode
label.outstanding_balance,Outstanding balance,Outstanding balance
view_heading.create_farmer,Create farmer,Create farmer
reports_generic.Definitions,Definitions,Definitions
stringgroup.VersionKey,VersionKey,VersionKey
string_label.Enrolled,Enrolled,Enrolled
info.Total_Amount,Total Amount,Total Amount
view_heading.Deployment_Variables,Deployment Variables,Deployment Variables
reports_registeredfarmers.Registered_Farmers,Registered Farmers,Registered Farmers
view_heading.manage_voucher_batch,Manage voucher batch,Manage voucher batch
confirm_subject.finalise,Finalise Voucher,Finalise Voucher
alert.error.service_point.invalid_location,Please select a location,Please select a location
Select_Delivery_Status,Select Delivery Status,Select Delivery Status
alert_error.invalid_mobilenumber,No mobile number specified.,No mobile number specified.
column_heading.voucher_batch_requestcode,Voucher batch requestcode,Voucher batch requestcode
button.Refresh_Filter,Refresh Filter,Refresh Filter
string_label.Name,Name,Name
column_heading.DateCreated,DateCreated,DateCreated
reportsviewheading.Filtered_Voucher_Redemption_Report,Filtered Voucher Redemption Report,Filtered Voucher Redemption Report
table_heading.Farmers_by_Gender,Farmers by Gender,Farmers by Gender
column.expired,Expired,Expired
view_heading.Manage_Role_Groups,Manage Role Groups,Manage Role Groups
column.Total_Cost_To_Farmer,Total Cost To Farmer,Total Cost To Farmer
string_label.Journey_Version,Journey Version,Journey Version
button.Error_logs,Error logs,Error logs
label.new_quantity,New quantity,New quantity
confirm_subject.removing_identity,Delete identification,Delete identification
column_heading.status_date,Status Date,Status Date
action.back,Back,Back
column.Recipient_Name,Recipient Name,Recipient Name
column_heading.event_desc,Event desc,Event desc
view_heading.manage_voucher_category,Manage voucher category,Manage voucher category
string_label.parent_location,Parent location,Parent location
button.add_mobile_user,Add mobile user,Add mobile user
reports_allocated.Allocated)(Bags),Allocated)(Bags),Allocated)(Bags)
custom_header.hierarchy_level_ten,Hierarchy level ten,Hierarchy level ten
custom_header.crop11,{DashboardUtil:uCrop11},{DashboardUtil:uCrop11}
table_heading.configs,Configs,Configs
alert.uploadfile.confirmuploaddone,The file has been uploaded.,The file has been uploaded.
column_heading.voucher_batch,Voucher batch,Voucher batch
column.Recipient_Number,Recipient Number,Recipient Number
label.id_number,Id number,Id number
column.Last_Connected,Last Connected,Last Connected
input.stock_item_csv,Stock item csv,Stock item csv
view_heading.Create_Sms_Language,Create Sms Language,Create Sms Language
custom_header.Eligible_Voucher_Value,{Reportviewer:uEligibleVoucherRequestHeader},{Reportviewer:uEligibleVoucherRequestHeader}
reports_sold.Quantity_Sold,Quantity Sold,Quantity Sold
string_label.Mobile_number,Mobile number,Mobile number
column.Content,Content,Content
column_heading.datetimestampStarted,DatetimestampStarted,DatetimestampStarted
reportsviewheading.Voucher_Redemption_Report,Voucher Redemption Report,Voucher Redemption Report
view_heading.view_farmer_payment,View farmer payment,View farmer payment
column_heading.Message_Id,Message Id,Message Id
view_heading.manage_extension_officer_profile,Manage extension officer profile,Manage extension officer profile
info.Number_of_recipients_in_groups,Number of recipients in groups,Number of recipients in groups
table_heading.selected_fertilizer,Selected fertilizer,Selected fertilizer
label.Voucher_Batch,Voucher Batch,Voucher Batch
table_column_heading.location_level_eight,location_level_eight,location_level_eight
reports_balance.Balance_(Bags),Balance (Bags),Balance (Bags)
table_heading.Translation_Keys,Translation Keys,Translation Keys
custom_header.reportsgenerictemplate_column_decimal10,{ReportsGenericViewerLabels:column_decimal10},{ReportsGenericViewerLabels:column_decimal10}
alert.uploadfile.confirmdeletebody,Please confirm that you wish to delete this uploaded file?,Please confirm that you wish to delete this uploaded file?
reports_countydepot.County-Depot,County-Depot,County-Depot
alert.object.voucher_batch_no_category,Please select a category.,Please select a category.
column_heading.User,User,User
custom_header.reportsgenerictemplate_column_int6,{ReportsGenericViewerLabels:column_int6},{ReportsGenericViewerLabels:column_int6}
button.add_farmer_crop,Add farmer crop,Add farmer crop
label.leased_LR_number,Leased LR number,Leased LR number
custom_header.crop4,{DashboardUtil:uCrop4},{DashboardUtil:uCrop4}
custom_header.question_3,{Reportviewer:uQuestion3Header},{Reportviewer:uQuestion3Header}
column.mobile_number,Mobile number,Mobile number
view_heading.Group_Message,Group Message,Group Message
button_heading.Select,Select,Select
reportsviewheading.Configurable_Forms,Configurable Forms,Configurable Forms
column_heading.date,Date,Date
column_heading.Question_Number,Question Number,Question Number
custom_header.reportsgenerictemplate_column_int7,{ReportsGenericViewerLabels:column_int7},{ReportsGenericViewerLabels:column_int7}
reports_allocationorbudgetksh.Allocation_or_Budget_(Ksh),Allocation or Budget (Ksh),Allocation or Budget (Ksh)
row_action.Select,Select,Select
column.paid,Paid,Paid
input.messageOriginInject_sms,MessageOriginInject sms,MessageOriginInject sms
reportstableheading.Unassigned_Mobile_Users,Unassigned Mobile Users,Unassigned Mobile Users
label.business_Reg_Type,Business Reg Type,Business Reg Type
input.Crop_Filter,Crop Filter,Crop Filter
label.kephisCertNumber,KephisCertNumber,KephisCertNumber
label.Location,Location,Location
column_heading.farmer.farmsize,farmsize,farmsize
table_heading.role_group,Role group,Role group
view_heading.activity_log,Activity log,Activity log
label.middle_name,Middle name,Middle name
column.bags_per_acre,Bags per acre,Bags per acre
column_heading.message,Message,Message
label.government_Personnele_Number,Government Personnele Number,Government Personnele Number
reports_agrodealerorncpbdepot.Agro_Dealer/NCPB_Depots,Agro Dealer/NCPB Depots,Agro Dealer/NCPB Depots
label.Request_Code,Request Code,Request Code
alert.crop.still_active,Crop is still in use by the system.,Crop is still in use by the system.
input.config_value,Config value,Config value
button.Create_Enterprise_Group,Create Enterprise Group,Create Enterprise Group
button.check,Check,Check
button.View,View,View
alert.object.voucher_template_no_days,Please enter a valid number for Active voucher days.,Please enter a valid number for Active voucher days.
column.Active,Active,Active
alert.Message_Schedule_Config_Still_Active,Message Schedule Configuration still active,Message Schedule Configuration still active
view_heading.voucher_menu,Voucher menu,Voucher menu
label.date_created,Date created,Date created
column_heading._Status,Status,Status
string_label.Device_OS,Device OS,Device OS
view_heading.upload_with_errors,Upload with errors,Upload with errors
view_heading.Bulk_Upload_Farmers,Bulk Upload Farmers,Bulk Upload Farmers
column.GPS_long,GPS long,GPS long
table_heading.Enterprises_by_reportlevel,Enterprises by reportlevel,Enterprises by reportlevel
custom_header.crop63,{DashboardUtil:uCrop63},{DashboardUtil:uCrop63}
label.String_Value,String Value,String Value
menu_item.users,Users,Users
column.paymentCode,PaymentCode,PaymentCode
label.mobile_action,Mobile action,Mobile action
input.farmer,Farmer,Farmer
column.lipaMpesaTillNumber,LipaMpesaTillNumber,LipaMpesaTillNumber
reports_subcounty.Sub-County,Sub-County,Sub-County
column.Language,Language,Language
model.system.result,Result,Result
column_heading.order,Order,Order
view_heading.view_voucher_batch_transaction,View voucher batch transaction,View voucher batch transaction
info.approved,Messages approved.,Messages approved.
column.active,Active,Active
custom_header.crop50,{DashboardUtil:uCrop50},{DashboardUtil:uCrop50}
alert.farmer.not_found,Farmer not found,Farmer not found
label.date,Date,Date
table.heading.Voucher_Requests,Voucher Requests,Voucher Requests
column.bag_cost,Bag cost,Bag cost
column_heading.order_paid_date,Date Paid,Date Paid
column.date_archived,Date archived,Date archived
column_heading.location,Location,Location
info.scheduled_function_config_archived,Scheduled Function archived,Scheduled Function archived
alert.button.error,No comment added,No comment added
table_heading.Available_Actions,Available Actions,Available Actions
column_heading.Object_Uuid,Object Uuid,Object Uuid
menu_item.EnterpriseGroups,EnterpriseGroups,EnterpriseGroups
view_heading.view_farmer,View farmer,View farmer
table_heading.Assigned_Action,Assigned Action,Assigned Action
label.farmer_county,Farmer county,Farmer county
label.template_name,Template name,Template name
input.Unit_Test_Value,Unit Test Value,Unit Test Value
alert.farmer.not_found_mobile,Farmer not found with mobile number: {mobileNumber},Farmer not found with mobile number: {mobileNumber}
error.location_level_one,Level 1 cannot be empty,Level 1 cannot be empty
column.Upload_Date,Upload Date,Upload Date
button_heading.test,Create Test,Create Test
row_action.Archive,Archive,Archive
column_heading.Status,Status,Status
column_heading.stackTrace,StackTrace,StackTrace
reportstableheading.Detailed_Fertilizer_Balance_per_Depot/Agro_dealer,Detailed Fertilizer Balance per Depot/Agro dealer,Detailed Fertilizer Balance per Depot/Agro dealer
button.add_institute_config,Add institute config,Add institute config
custom_header.reportsgenerictemplate_column_date2,{ReportsGenericViewerLabels:column_date2},{ReportsGenericViewerLabels:column_date2}
string_label.Notification_Sent,Notification Sent,Notification Sent
button.Actions,Actions,Actions
table._, , 
button.injectMessage,InjectMessage,InjectMessage
table_heading.scheduled_event_logs,Scheduled event logs,Scheduled event logs
column_heading.Content,Content,Content
label.season,Season,Season
table_heading.Mobile_User_Details,Mobile User Details,Mobile User Details
table_heading.Voucher_Redeemers,Voucher Redeemers,Voucher Redeemers
reportstableheading.Filtered_Voucher_Redemption_Report,Filtered Voucher Redemption Report,Filtered Voucher Redemption Report
column_heading.processing,Processing,Processing
custom_header.crop76,{DashboardUtil:uCrop76},{DashboardUtil:uCrop76}
confirmation.reject_bulk_message_body,Do not send these messages?,Do not send these messages?
column.crop_variety,Crop variety,Crop variety
button.Edit,Edit,Edit
column.County,County,County
button.Add_Voucher_Code,Add Voucher Code,Add Voucher Code
label.start,Start,Start
view_heading.voucher_transactions_fee_menu,Voucher transactions fee menu,Voucher transactions fee menu
view_heading.Dashboard,Dashboard,Dashboard
column_heading.Number_of_recipients,Number of recipients,Number of recipients
error.location_level_ten,Level 10 cannot be empty,Level 10 cannot be empty
reportsviewheading.Farmer_Registration_Status,Farmer Registration Status,Farmer Registration Status
column.voucher_code,Voucher code,Voucher code
reportsviewheading.Enterprises_Supported_Status,Enterprises Supported Status,Enterprises Supported Status
alert_error.invalid_lastname,No last name specified.,No last name specified.
view_heading.edit_stock_transaction,Edit stock transaction,Edit stock transaction
stringgroup.Key,Key,Key
column.mobile_triggered,Mobile triggered,Mobile triggered
string_label.Last_Processed,Last Processed,Last Processed
view_heading.transaction_fee_history,Transaction fee history,Transaction fee history
alert.service_point_type_duplicate,A service point type with this name exists already,A service point type with this name exists already
view_heading.view_service_point_type,Stock Locations,Stock Locations
label.bank_Account_Holder,Bank Account Holder,Bank Account Holder
alert.uploadfile.confirmprocessbody,"Please confirm that you wish to process this file immediately, which may take some time?","Please confirm that you wish to process this file immediately, which may take some time?"
view_heading.Select_groups_to_message,Select groups to message,Select groups to message
view_heading.Create_Service_Point,Create Service Point,Create Service Point
input.Name,Name,Name
view_heading.crud_menu,Crud menu,Crud menu
table_heading.Download_Template,Download Template,Download Template
alert.uploadfile.scheduled,This file has been scheduled for processing and the status cannot be changed.,This file has been scheduled for processing and the status cannot be changed.
button.toggle,Toggle,Toggle
alert.Configurable_Drop_Down_Still_Active,Configurable Drop Down still active,Configurable Drop Down still active
column_heading.bags_av,Bags av,Bags av
label.Total_owed,Total owed,Total owed
alert.error.no_voucher_redeemer,Could not determine Voucher Redeemer,Could not determine Voucher Redeemer
column_heading.farmer_name,Farmer Name,Farmer Name
menu_item.CropVouchersReport,CropVouchersReport,CropVouchersReport
label.English_Content,English Content,English Content
reportstableheading.Subsidy_Finance_Report,Subsidy Finance Report,Subsidy Finance Report
column_heading.farmer.locationlevel4,locationlevel4,locationlevel4
button.add_crop,Add crop,Add crop
table_heading.Pending_Orders,Pending Orders,Pending Orders
label.paymentCode,PaymentCode,PaymentCode
column.middleName,MiddleName,MiddleName
custom_header.crop74,{DashboardUtil:uCrop74},{DashboardUtil:uCrop74}
label.Stock_Type_*,Stock Type *,Stock Type *
column.Amount_Paid,Amount Paid,Amount Paid
view_heading.manage_institute_config,Manage institute config,Manage institute config
confirmation.reactivate_message_body,Are you sure you would like to re-activate this mobile number? User will begin receiving SMSes from the system again?,Are you sure you would like to re-activate this mobile number? User will begin receiving SMSes from the system again?
view_heading.Search_For_Farmer_To_Verify,Search For Farmer To Verify,Search For Farmer To Verify
table_heading.locations_to_upload,Locations to Upload,Locations to Upload
label.Report_Element,Report Element,Report Element
column_heading.langfileentry,langfileentry,langfileentry
custom_header.crop64,{DashboardUtil:uCrop64},{DashboardUtil:uCrop64}
table.Added_roles,Added roles,Added roles
button.Add_Farmer_Group,Add Farmer Group,Add Farmer Group
custom_header.reportsgenerictemplate_column_string8,{ReportsGenericViewerLabels:column_string8},{ReportsGenericViewerLabels:column_string8}
column_heading.State,State,State
custom_header.reportsgenerictemplate_column_datetime4,{ReportsGenericViewerLabels:column_datetime4},{ReportsGenericViewerLabels:column_datetime4}
view_heading.manage_service_points,Manage service points,Manage service points
view_heading.inject_message,Inject message,Inject message
button.add_voucher_batch,Add voucher batch,Add voucher batch
alert.uploadfile.confirmdeletesubject,Delete Confirmation,Delete Confirmation
view_heading.view_voucher_category,View voucher category,View voucher category
reportsviewheading.Zanaco_Payments,Zanaco Payments,Zanaco Payments
reports_generic.Report_Definition_Management,Report Definition Management,Report Definition Management
alert_error.sms.no_content,No SMS content.,No SMS content.
label.custom_Role_Name,Custom Role Name,Custom Role Name
table_heading.Assigned_Role_Groups,Assigned Role Groups,Assigned Role Groups
alert.matches_found,{fCount} {fDesc} found.,{fCount} {fDesc} found.
button.save,Save,Save
view_heading.edit_Voucher_Batch,Edit Voucher Batch,Edit Voucher Batch
view_heading.identification_management,Identification management,Identification management
label.Bags_Subsidy_Amount,Bags Subsidy Amount,Bags Subsidy Amount
button.Roles,Roles,Roles
table_heading.stock_levels,Stock levels,Stock levels
view_heading.view_season,View season,View season
label.bank_Account_Number,Bank Account Number,Bank Account Number
alert.uploadfile.confirmprocesswitherrors,The uploaded file has been processed with some errors. Please see error log below.,The uploaded file has been processed with some errors. Please see error log below.
view_heading.view_deposits_orders,View Deposited Orders,View Deposited Orders
column.processing,Processing,Processing
column.yield_estimate,Yield estimate,Yield estimate
button.Create_message,Create message,Create message
label.Bags_Handling_Fee,Bags Handling Fee,Bags Handling Fee
enum.ORDER_STATUS.Delivered,Delivered,Delivered
alert.object.voucher_template_name_required,Voucher Template name required.,Voucher Template name required.
label.transaction,Transaction,Transaction
view_heading.View_Paid_Orders,All orders paid,All orders paid
string_label.Device_Model,Device Model,Device Model
reportstableheading.Daily_Registration_Report,Daily Registration Report,Daily Registration Report
column.Balance_After,Balance After,Balance After
reports_fertilizertype.Fertilizer_Type,Fertilizer Type,Fertilizer Type
reportstableheading.Farmer_Registration_Answers,Farmer Registration Answers,Farmer Registration Answers
column_heading.regex,Regex,Regex
view_heading.Agrodealer_Menu,Agrodealer Menu,Agrodealer Menu
reports_county.County,County,County
custom_header.reportsgenerictemplate_column_decimal4,{ReportsGenericViewerLabels:column_decimal4},{ReportsGenericViewerLabels:column_decimal4}
custom_header.crop73,{DashboardUtil:uCrop73},{DashboardUtil:uCrop73}
button.LoadRoleServicePoint,LoadRoleServicePoint,LoadRoleServicePoint
column_heading.last_name,Last name,Last name
label.Service_Point_Stock_Totals_Aggregated,Service Point Stock Totals Aggregated,Service Point Stock Totals Aggregated
table_heading.extension_officer_profile,Extension officer profile,Extension officer profile
result.config_value_updated,Config value updated.,Config value updated.
button.Upload_Stock_Items,Upload Stock Items,Upload Stock Items
custom_header.stock_description,description,description
custom_header.question_9,{Reportviewer:uQuestion9Header},{Reportviewer:uQuestion9Header}
table_heading.receipts,Receipts,Receipts
column.Name,Name,Name
label.Location_Level,Location Level,Location Level
view_heading.view_farmer_recruitment,View farmer recruitment,View farmer recruitment
custom_header.crop15,{DashboardUtil:uCrop15},{DashboardUtil:uCrop15}
view_heading.Stock_Items_Uploads_with_errors,Stock Items Uploads with errors,Stock Items Uploads with errors
reports_transactiondate.Transaction_Date,Transaction Date,Transaction Date
menu_item.groups,Groups,Groups
custom_header.question_4,{Reportviewer:uQuestion4Header},{Reportviewer:uQuestion4Header}
custom_header.crop29,{DashboardUtil:uCrop29},{DashboardUtil:uCrop29}
column_heading.field_description,Field description,Field description
confirm_body.Archive_Item,Are you sure you would like to archive this drop down item?,Are you sure you would like to archive this drop down item?
view_heading.Manage_Location_Levels,Manage Location Levels,Manage Location Levels
column.payment_code,Payment code,Payment code
label.lipa_mpesa_number,Lipa mpesa number,Lipa mpesa number
view_heading.Order_List,Order List,Order List
custom_header.reportsgenerictemplate_column_string2,{ReportsGenericViewerLabels:column_string2},{ReportsGenericViewerLabels:column_string2}
button.Save,Save,Save
label.units,Units,Units
view_heading.Messaging_menu,Messaging menu,Messaging menu
alert.error.farmer_age_not_eligible,Farmer needs to be at least {minimumAge} to be eligible for the programme.,Farmer needs to be at least {minimumAge} to be eligible for the programme.
column.Amount,Amount,Amount
view_heading.create_role_group,Create role group,Create role group
alert.object.voucher_batch_no_fertilizers,Please add Fertilizers to Voucher Batch before continuing.,Please add Fertilizers to Voucher Batch before continuing.
alert.object.voucher_batch_no_budget,Voucher Batch requires an Initial Budget,Voucher Batch requires an Initial Budget
reports_commissionperbagksh.Commission_per_Bag_(Ksh),Commission per Bag (Ksh),Commission per Bag (Ksh)
custom_header.reportsgenerictemplate_column_string1,{ReportsGenericViewerLabels:column_string1},{ReportsGenericViewerLabels:column_string1}
view_heading.view_group_members,View group members,View group members
column.role_group_name,Role group name,Role group name
view_heading.edit_institute_config,Edit institute config,Edit institute config
column.Beneficiary_Name,Beneficiary Name,Beneficiary Name
view_heading.order_management,Order Management,Order Management
button.issue,Issue,Issue
column.Stock_Type,Stock Type,Stock Type
custom_header.crop71,{DashboardUtil:uCrop71},{DashboardUtil:uCrop71}
reportsviewheading.Subsidy_Finance_Report,Subsidy Finance Report,Subsidy Finance Report
custom_header.question_7,{Reportviewer:uQuestion7Header},{Reportviewer:uQuestion7Header}
reportsviewheading.Reports_Permission,Reports Permission,Reports Permission
custom_header.reportsgenerictemplate_column_string3,{ReportsGenericViewerLabels:column_string3},{ReportsGenericViewerLabels:column_string3}
alert.service_point_duplicate,A service point with this name exists already,A service point with this name exists already
label.Role_Location,Role Location,Role Location
button.Bulk_Upload,Bulk Upload,Bulk Upload
column.Verified_Size,Verified Size,Verified Size
table_column_heading.location_level_two,location_level_two,location_level_two
view_heading.manage_farmer_payment,Manage farmer payment,Manage farmer payment
view_heading.Order_Items,Order Items,Order Items
reportstableheading.Farmer_Registration_Status,Farmer Registration Status,Farmer Registration Status
column_heading.farmer.dateofbirth,dateofbirth,dateofbirth
label.kephis_Cert_Number,Kephis Cert Number,Kephis Cert Number
alert_error.Required_Field,Please note this field is required.,Please note this field is required.
result.config_deleted,Config setting deleted.,Config setting deleted.
column.Shortcode,Shortcode,Shortcode
column_heading.language,Language,Language
label.size,Size,Size
custom_header.question_8,{Reportviewer:uQuestion8Header},{Reportviewer:uQuestion8Header}
view_heading.error_logs,Error logs,Error logs
column.Object_Description,Object Description,Object Description
column.Date_Redeemed,Date Redeemed,Date Redeemed
view_heading.groups_menu,Groups menu,Groups menu
view_heading.Edit_Sms_Type,Edit Sms Type,Edit Sms Type
label.regCertNumber,RegCertNumber,RegCertNumber
table_heading.Config_Pairs,Config Pairs,Config Pairs
view_heading.manage_Service_Points,Manage Service Points,Manage Service Points
custom_header.question_5,{Reportviewer:uQuestion5Header},{Reportviewer:uQuestion5Header}
view_heading.Create_Voucher_Template,Create Voucher Template,Create Voucher Template
view_heading.Manage_Sms_Language,Manage Sms Language,Manage Sms Language
custom_header.crop87,{DashboardUtil:uCrop87},{DashboardUtil:uCrop87}
label.reg_Cert_Number,Reg Cert Number,Reg Cert Number
view_heading.System_Initiator,System Initiator,System Initiator
view_heading.sms_log,Sms log,Sms log
confirm_body.archive_farmer,Are you sure you would like to delete this Farmer?,Are you sure you would like to delete this Farmer?
column_heading.customer_name,Customer Name,Customer Name
menu_item.Dashboard,Dashboard,Dashboard
label.sub_depot,Sub depot,Sub depot
custom_header.reportsgenerictemplate_column_int2,{ReportsGenericViewerLabels:column_int2},{ReportsGenericViewerLabels:column_int2}
table_heading.crop_vouchers,Crop vouchers,Crop vouchers
table_heading.error_logs,Error logs,Error logs
column_heading.object_uuid,Object uuid,Object uuid
alert.error.voucher_batch.select_stock,Please select Stock.,Please select Stock.
column.Date,Date,Date
label.nationalCerealsandProduceBoard,NationalCerealsandProduceBoard,NationalCerealsandProduceBoard
column_heading.farmer.cropstatus,cropstatus,cropstatus
table_title.Locations,Locations,Locations
table_heading.web_user,Web user,Web user
custom_header.reportsgenerictemplate_column_string6,{ReportsGenericViewerLabels:column_string6},{ReportsGenericViewerLabels:column_string6}
column.current_budget,Current budget,Current budget
custom_header.location_level_one,Location level one,Location level one
button.Select,Select,Select
view_heading.edit_Internal_Support,Edit Internal Support,Edit Internal Support
table_heading.SMS_log,SMS log,SMS log
input.Scheduled_Time,Scheduled Time,Scheduled Time
custom_header.reportsgenerictemplate_column_datetime1,{ReportsGenericViewerLabels:column_datetime1},{ReportsGenericViewerLabels:column_datetime1}
view_heading.edit_stock_item,Edit stock item,Edit stock item
confirmation.send_bulk_message_body,Send message to recipients?,Send message to recipients?
button.View_Content,View Content,View Content
reports_depot.Depot,Depot,Depot
custom_header.crop79,{DashboardUtil:uCrop19},{DashboardUtil:uCrop19}
custom_header.crop21,{DashboardUtil:uCrop21},{DashboardUtil:uCrop21}
custom_header.crop82,{DashboardUtil:uCrop82},{DashboardUtil:uCrop82}
button.Find_Farmer,Find Farmer,Find Farmer
custom_header.reportsgenerictemplate_column_decimal1,{ReportsGenericViewerLabels:column_decimal1},{ReportsGenericViewerLabels:column_decimal1}
custom_header.reportsgenerictemplate_column_decimal9,{ReportsGenericViewerLabels:column_decimal9},{ReportsGenericViewerLabels:column_decimal9}
reportsviewheading.Forms_Captured_Report,Forms Captured Report,Forms Captured Report
menu_item.Agrodealer,Agrodealer,Agrodealer
label.Group_Price,Group Price,Group Price
column.Balance_Before,Balance Before,Balance Before
view_heading.manage_agro_dealer_profile,Manage agro dealer profile,Manage agro dealer profile
view_heading.assign_mobile_user_to_group,Assign mobile user to group,Assign mobile user to group
table.Added_groups,Added groups,Added groups
button_heading.comments,Show Comments,Show Comments
label.payment_Code,Payment Code,Payment Code
confirm_subject.remove,Remove Role,Remove Role
button.save_and_finish,Save and finish,Save and finish
view_heading.Outbound_bulk_messages,Outbound bulk messages,Outbound bulk messages
table_heading.farmer_recruitment,Farmer recruitment,Farmer recruitment
custom_header.reportsgenerictemplate_column_int8,{ReportsGenericViewerLabels:column_int8},{ReportsGenericViewerLabels:column_int8}
reportsviewheading.Eligible_Voucher_Requests,Eligible Voucher Requests,Eligible Voucher Requests
alert_error.function_name_required,Please enter a name for the scheduled function.,Please enter a name for the scheduled function.
custom_header.crop33,{DashboardUtil:uCrop33},{DashboardUtil:uCrop33}
view_heading.manage_mobile_user,Manage mobile user,Manage mobile user
button.add_fertilizer,Add fertilizer,Add fertilizer
alert.end_date_status.error,End Date Can Not Be Bigger Than Current Date,End Date Can Not Be Bigger Than Current Date
label.Dob_*,Dob *,Dob *
label.leased_lr_number,Leased lr number,Leased lr number
custom_header.crop52,{DashboardUtil:uCrop52},{DashboardUtil:uCrop52}
info.Total_Farmers,Total Farmers,Total Farmers
label.Units,Units,Units
alert.object.inactivate,{uObjectName} set to inactive.,{uObjectName} set to inactive.
custom_header.crop58,{DashboardUtil:uCrop58},{DashboardUtil:uCrop58}
column_heading.redeemed,Redeemed,Redeemed
reports_reportorder.Archived,Archived,Archived
column.Service_Point_Type,Service Point Type,Service Point Type
column.service_point_name,Service point name,Service point name
column_heading.Error_Effect,Error Effect,Error Effect
column_heading._, , 
view_heading.view_crop,View crop,View crop
column_heading.farmer.preferredlanguage,Preferredlanguage,Preferredlanguage
reportsviewheading.Farmer_Voucher_Adoption,Farmer Voucher Adoption,Farmer Voucher Adoption
string_label.level,Level,Level
view_heading.manage_season,Manage season,Manage season
label.verified,Verified,Verified
reports_generic.Report_Element,Report Element,Report Element
label.voucher_active_days,Voucher active days,Voucher active days
view_heading.manage_Location,Manage Location,Manage Location
view_heading.Edit_Config_Pair,Edit Config Pair,Edit Config Pair
view_heading.Opt_-_Out_Numbers,Opt - Out Numbers,Opt - Out Numbers
column.EnrollmentSMS,EnrollmentSMS,EnrollmentSMS
button.Create_langfileentries,Create langfileentries,Create langfileentries
reports_farmersinvolved.Farmers_Involved_(No),Farmers Involved (No),Farmers Involved (No)
fileupload.Bank_Deposits,Bank Deposits,Bank Deposits
reportstableheading.Mobile_Users,Mobile Users,Mobile Users
reportsviewheading.Products_Redeemed_Report,Products Redeemed Report,Products Redeemed Report
column_heading.farmer.cropsize,cropsize,cropsize
heading.Filter_for_user_recipients,Filter for user recipients,Filter for user recipients
table.Dropdown_List,Dropdown List,Dropdown List
column_heading.characters,Characters,Characters
label.From_Date,From Date,From Date
alert.uploadfile.confirmscheduledone,The uploaded file has been scheduled for processing. One file is processed per cycle. Please monitor this page for completion.,The uploaded file has been scheduled for processing. One file is processed per cycle. Please monitor this page for completion.
table_title.farmers,Farmers,Farmers
alert_error.resend.no_vouchers_found,No vouchers found for mobile number.,No vouchers found for mobile number.
alert.error.farmer_not_found_in_location,Farmer not found in this location,Farmer not found in this location
custom_header.crop66,{DashboardUtil:uCrop66},{DashboardUtil:uCrop66}
error.location_level_three,Level 3 cannot be empty,Level 3 cannot be empty
label.Max_Bags_Allowed_per_Voucher,Max Bags Allowed per Voucher,Max Bags Allowed per Voucher
column.Date_Created,Date Created,Date Created
custom_header.crop28,{DashboardUtil:uCrop28},{DashboardUtil:uCrop28}
column.voucher_batch,Voucher batch,Voucher batch
column_heading.error,Error,Error
info.Number_of_recipients,Number of recipients,Number of recipients
table_heading.available_role_groups_for_location_level,Available role groups for location level,Available role groups for location level
column_heading.Error_Description,Error Description,Error Description
button.action,Action,Action
view_heading.Message_Schedule_Configuration,Message Schedule Configuration,Message Schedule Configuration
table_column_heading.location_level_four,location_level_four,location_level_four
column.JourneryAppVersion,JourneryAppVersion,JourneryAppVersion
button.change_ward,Change ward,Change ward
view_heading.farmer_Audit_Log,Farmer Audit Log,Farmer Audit Log
string_label.child_location,Child location,Child location
alert_error.empty_field,{uFieldName} is empty.,{uFieldName} is empty.
table_column_heading.location_level_five,location_level_five,location_level_five
confirm_subject.archive_generic,Delete Record,Delete Record
button.Add_Scheduled_Configuration,Add Scheduled Configuration,Add Scheduled Configuration
custom_header.crop51,{DashboardUtil:uCrop51},{DashboardUtil:uCrop51}
table_heading.selected_web_users_for_Service_Point,Selected web users for Service Point,Selected web users for Service Point
custom_header.crop70,{DashboardUtil:uCrop70},{DashboardUtil:uCrop70}
label.mobile_triggered,Mobile triggered,Mobile triggered
table_heading.stock_item,Stock item,Stock item
input.category,Category,Category
alert_error.invalid_gender,No gender specified.,No gender specified.
column_heading.qualifiedName,QualifiedName,QualifiedName
table_heading.Matching_Service_Point_Hierarchy,Matching Service Point Hierarchy,Matching Service Point Hierarchy
view_heading.Upload_Bank_Deposit_File,Bank Deposits Proof of Payment,Bank Deposits Proof of Payment
column_heading.date_created,Date created,Date created
alert.crop.active_vouchers,Crop is still in use by active vouchers.,Crop is still in use by active vouchers.
table_heading.selected_role_groups_for_service_point_type,Selected role groups for service point type,Selected role groups for service point type
custom_header.crop59,{DashboardUtil:uCrop19},{DashboardUtil:uCrop19}
column.Quantity_Redeemed,Quantity Redeemed,Quantity Redeemed
enum.ORDER_STATUS.BankDeposit,Bank Deposit,Bank Deposit
custom_header.stock_stock_type,stock_type,stock_type
confirm_subject.Archive_Question,Archive Question,Archive Question
custom_header.crop34,{DashboardUtil:uCrop34},{DashboardUtil:uCrop34}
button.cancel,Cancel,Cancel
column.sub_depot,Sub depot,Sub depot
column.institute,Institute,Institute
column_heading.farmer,Farmer,Farmer
button.Unit_Test,Unit Test,Unit Test
string_label.Re_Enrollment_Request,Re Enrollment Request,Re Enrollment Request
alert.error.voucher_batch.select_institute,Please select an Institute.,Please select an Institute.
alert_error.invalid_enterprise_group_name,A name must be specified for the Enterprise Group,A name must be specified for the Enterprise Group
view_heading.manage_location_level,Manage location level,Manage location level
select.user.error,User required,User required
column_heading.priority,Priority,Priority
column.nationalId,NationalId,NationalId
view_heading.Mobile_User_Details,Mobile User Details,Mobile User Details
confirm_body.archive_location_level,Are you sure you would like to delete this Location Level?,Are you sure you would like to delete this Location Level?
row_action.Edit,Edit,Edit
custom_header.question_2,{Reportviewer:uQuestion2Header},{Reportviewer:uQuestion2Header}
menu_item.Farmers,Farmers,Farmers
input.config_description,Config description,Config description
column_heading.location_level_ten,Level 10,Level 10
column_heading.farmer.identificationtype,identificationtype,identificationtype
column_heading.status,Status,Status
column.location_level,Location level,Location level
alert_error.invalid_cropstatus,Invalid crop status specified.,Invalid crop status specified.
model.system.setting,Settings,Settings
alert.select_start_status.error,Please Select a Start Date,Please Select a Start Date
row_action.Add,Add,Add
column.Percentage_of_verified_farmers,Percentage of verified farmers,Percentage of verified farmers
column_heading.farmer.id_number,id number,id number
input.Category_Name,Category Name,Category Name
custom_header.question_1,{Reportviewer:uQuestion1Header},{Reportviewer:uQuestion1Header}
custom_header.Ward_Header,{Reportviewer:uWardHeader},{Reportviewer:uWardHeader}
alert.voucher.redeemed.insufficent_voucher_amount,Insufficient amount left to redeem voucher.,Insufficient amount left to redeem voucher.
custom_header.crop8,{DashboardUtil:uCrop8},{DashboardUtil:uCrop8}
table_heading.farmer,Farmer,Farmer
button.View_LangFile,View LangFile,View LangFile
custom_header.crop36,{DashboardUtil:uCrop36},{DashboardUtil:uCrop36}
alert_error.invalid_cropsize,No farm size specified or farm size of less than 0 specified.,No farm size specified or farm size of less than 0 specified.
alert.active_service_points_found,Cannot archive Service Point Type there are active service points.,Cannot archive Service Point Type there are active service points.
table_heading.agro_Dealers,Agro Dealers,Agro Dealers
alert_error.invalid_enterprisecategory,Please note the enterprise category is required.,Please note the enterprise category is required.
column.Ward,Ward,Ward
button.add_role_group,Add role group,Add role group
table_heading.Available_Role_Groups,Available Role Groups,Available Role Groups
view_heading.edit_benefit_template,Edit benefit template,Edit benefit template
column_heading.servicePoint,Service Point,Service Point
datefield.End_Date,End Date,End Date
custom_header.stock_units,units,units
table_heading.Content,Content,Content
column.batch_name,Batch name,Batch name
reports_reportdescription.Report_Key,Report Key,Report Key
button.Unarchive_All,Unarchive All,Unarchive All
button.profile,Profile,Profile
alert.voucher.redeem.available_bags_exceeded,Available bags exceeded,Available bags exceeded
button.Search,Search,Search
table_title.upload_files,Upload files,Upload files
custom_header.location_level_nine,Location level nine,Location level nine
custom_header.crop89,{DashboardUtil:uCrop89},{DashboardUtil:uCrop89}
custom_header.reportsgenerictemplate_column_location1,{ReportsGenericViewerLabels:column_location1},{ReportsGenericViewerLabels:column_location1}
alert_error.please_select_one,Please select at least one {fDesc}.,Please select at least one {fDesc}.
custom_header.crop41,{DashboardUtil:uCrop41},{DashboardUtil:uCrop41}
column_heading.success,Success,Success
label.Role_Service_Point,Role Service Point,Role Service Point
column.plotLR,PlotLR,PlotLR
alert.crop.active_croptypetemplate,Crop is still in use by VoucherTemplate,Crop is still in use by VoucherTemplate
input_label.Mobile_User,Mobile User,Mobile User
label.Group_Id,Group Id,Group Id
column.Account_Name,Account Name,Account Name
custom_header.stock_group_price,group_price,group_price
table_heading.location,Location,Location
column_heading.VersionKey,VersionKey,VersionKey
view_heading.create_stock_item,Create stock item,Create stock item
custom_header.crop78,{DashboardUtil:uCrop78},{DashboardUtil:uCrop78}
button.add_service_point_type,Add service point type,Add service point type
column_heading.Stock_Item,Stock Item,Stock Item
column_heading.Service_Point,Service Point,Service Point
label.amount,Amount,Amount
view_heading.settings_menu,Settings menu,Settings menu
info.csv_headers,Csv headers,Csv headers
label.national_id,National id,National id
column_heading.Status_Date,Status Date,Status Date
column_heading.user,User,User
view_heading.manage_role_group_profile,Manage role group profile,Manage role group profile
column.Object_Id,Object Id,Object Id
reportstableheading.Daily_Beneficiary_Total_Report,Daily Beneficiary Total Report,Daily Beneficiary Total Report
view_heading.edit_Location,Edit Location,Edit Location
view_heading.Capture_Stock,Capture Stock,Capture Stock
label.verified_farm_size,Verified farm size,Verified farm size
column_heading.bags_res,Bags res,Bags res
label.farm_size,Farm size,Farm size
view_heading.edit_voucher_batch_transaction,Edit voucher batch transaction,Edit voucher batch transaction
button_heading.view_deposits_orders,View Deposited Orders,View Deposited Orders
label.end,End,End
view_heading.view_receipts,View receipts,View receipts
view_heading.Voucher_Log,Voucher Log,Voucher Log
table_title.identification_types,Identification types,Identification types
column.reference,Reference,Reference
custom_header.location_level_ten,Location level ten,Location level ten
custom_header.crop14,{DashboardUtil:uCrop14},{DashboardUtil:uCrop14}
button.Toggle_Active,Toggle Active,Toggle Active
column.EnrollmentBarcode,EnrollmentBarcode,EnrollmentBarcode
column_heading.Date,Date,Date
column_heading.location_level_six,Level 6,Level 6
button.roles,Roles,Roles
label.description,Description,Description
label.status,Status,Status
table_column_heading.location_level_three,location_level_three,location_level_three
column.crop,Crop,Crop
column_heading.farmer.nokmobilenumber,nokmobilenumber,nokmobilenumber
reports_value.Value,Value,Value
button_heading.submitComment,Submit,Submit
column_heading.Farmer,Farmer,Farmer
custom_header.crop68,{DashboardUtil:uCrop68},{DashboardUtil:uCrop68}
menu_item.settings,Settings,Settings
column.units,Units,Units
column_heading.Group,Group,Group
button.Archive,Archive,Archive
table_heading.farmer_sms_logs,Farmer sms logs,Farmer sms logs
table_heading.Sms_Content,Sms Content,Sms Content
custom_header.crop7,{DashboardUtil:uCrop7},{DashboardUtil:uCrop7}
button.add_crops,Add crops,Add crops
label.Report,Report,Report
column_heading.location_level_nine,Level 9,Level 9
column_heading.Scheduled_Time,Scheduled Time,Scheduled Time
table_heading.fertilizer_type,Fertilizer type,Fertilizer type
label.Customer_Name,Customer Name,Customer Name
view_heading.capture_stock_transaction,Capture stock transaction,Capture stock transaction
view_heading.Redeem_Voucher,Redeem Voucher,Redeem Voucher
button.receive,Receive,Receive
table_heading.farmer_payment,Farmer payment,Farmer payment
info.Type,Type,Type
label.business_Name,Business Name,Business Name
column_heading.location_level_three,Level 3,Level 3
info.Upload_Time,Upload Time,Upload Time
button.update,Update,Update
alert.object.voucher_batch_no_template,"Please select a Voucher Template. If none exist, please create Voucher Templates first.","Please select a Voucher Template. If none exist, please create Voucher Templates first."
column.paid_On,Paid On,Paid On
column_heading.user_name,User name,User name
reports_reportdescription.Internal_Notes,Internal Notes,Internal Notes
label.Object_Types,Object Types,Object Types
button.update_template,Update template,Update template
button.Update_Dropdown_List,Update Dropdown List,Update Dropdown List
column_heading.bags_red,Bags red,Bags red
button.Change_Location,Change Location,Change Location
label.Internal_Notes,Internal Notes,Internal Notes
column_heading.location_level_five,Level 5,Level 5
view_heading.farmer_Profile_-_SMS,Farmer Profile - SMS,Farmer Profile - SMS
table_heading.Selected_Vouchers,Selected Vouchers,Selected Vouchers
label.Name,Name,Name
alert.object.voucher_batch_start_end_date,Start date needs to be less than End date,Start date needs to be less than End date
info.Uploader,Uploader,Uploader
label.plotLR,PlotLR,PlotLR
label.RoleGroup,RoleGroup,RoleGroup
view_heading.edit_Service_Point_Type,Edit Service Point Type,Edit Service Point Type
reports_farmertelno.Farmer_Tel_No,Farmer Tel No,Farmer Tel No
reports_region.Region,Region,Region
button.add_user_group,Add user group,Add user group
column.bankName,BankName,BankName
string_label._Function_name,Function name,Function name
error.file_empty,File empty,File empty
label.Order_Number,Order Number,Order Number
custom_header.location_level_four,Location level four,Location level four
column_heading.Name,Name,Name
button.Load,Load,Load
column_heading.Message_Type,Message Type,Message Type
reports_agrodealer.Agro_Dealer_Name,Agro Dealer Name,Agro Dealer Name
column_heading.Comment,Comment,Comment
label.Point_In_Time,Point In Time,Point In Time
column_heading.File_Name,File Name,File Name
string_label.Current_Role,Current Role,Current Role
label.governmentPersonneleNumber,GovernmentPersonneleNumber,GovernmentPersonneleNumber
view_heading.manage_agro_dealer_transaction,Manage agro dealer transaction,Manage agro dealer transaction
reports_generic.Date_Created,Date Created,Date Created
input.recipient(s),Recipient(s),Recipient(s)
label.bankName,BankName,BankName
label.reserved_total,Reserved total,Reserved total
custom_header.crop88,{DashboardUtil:uCrop88},{DashboardUtil:uCrop88}
label.gender_*,Gender *,Gender *
column.farmer_mobile,Farmer mobile,Farmer mobile
button.Rejected_Uploads,Rejected Uploads,Rejected Uploads
view_heading.manage_Service_Point_Types,Manage Service Point Types,Manage Service Point Types
alert.object.not_found,{uObjectName} not found.,{uObjectName} not found.
alert.stock.invalid_amount,Please enter a valid positive transfer amount,Please enter a valid positive transfer amount
textfield.addComment,New Comment,New Comment
heading.System_Initiators,System Initiators,System Initiators
column.User_Mobile_Number,User Mobile Number,User Mobile Number
view_heading.Manage_Stock_Locations,Manage Stock Locations,Manage Stock Locations
custom_header.crop65,{DashboardUtil:uCrop65},{DashboardUtil:uCrop65}
column.Date_of_Birth,Date of Birth,Date of Birth
custom_header.crop16,{DashboardUtil:uCrop16},{DashboardUtil:uCrop16}
label.Bags_available,Bags available,Bags available
row_action.Unassign,Unassign,Unassign
table_heading.comments,Comments,Comments
label.middleName,MiddleName,MiddleName
column_heading.modified,Modified,Modified
view_heading.create_User_Group,Create User Group,Create User Group
view_heading.view_Internal_Support,View Internal Support,View Internal Support
column.By_Time,By Time,By Time
view_heading.view_voucher_template,View voucher template,View voucher template
stringgroup.Known_GroupTypes,Known GroupTypes,Known GroupTypes
column.Last_Name,Last Name,Last Name
menu_item.tasks,Tasks,Tasks
label.Mobile_Number,Mobile Number,Mobile Number
view_heading.view_extension_officer_profile,View extension officer profile,View extension officer profile
column.new_quantity,New quantity,New quantity
custom_header.reportsgenerictemplate_column_string4,{ReportsGenericViewerLabels:column_string4},{ReportsGenericViewerLabels:column_string4}
confirm_subject.Archive_Message_Schedule_Config,Archive Message Schedule Configuration,Archive Message Schedule Configuration
custom_header.crop18,{DashboardUtil:uCrop18},{DashboardUtil:uCrop18}
column_heading.datetimestampFinished,DatetimestampFinished,DatetimestampFinished
column_heading.crop,Crop,Crop
table_heading.Location_Hierarchy,Location Hierarchy,Location Hierarchy
column_heading.location_level,Location level,Location level
alert.voucher.redeem.selected_bags_exceeded,Nothing left to remove,Nothing left to remove
reportsviewheading.Distribution_Costs_per_Depot,Distribution Costs per Depot,Distribution Costs per Depot
stringgroup.Description,Description,Description
alert_error.invalid_farm_size_big,Farm size too big.,Farm size too big.
error.location_level_six,Level 6 cannot be empty,Level 6 cannot be empty
column.max_bags,Max bags,Max bags
column_heading.customer_mobile,Customer Mobile Number,Customer Mobile Number
label.ServicePoint,ServicePoint,ServicePoint
button.edit,Edit,Edit
alert.object.voucher_batch_no_crops,There are no Crops for Voucher Batch,There are no Crops for Voucher Batch
button_label.Display_Report,Display Report,Display Report
label.Stock_Included,Stock Included,Stock Included
button.view_available_stock,View Stock,View Stock
custom_header.reportsgenerictemplate_reportstableHeading,{ReportsGenericViewerLabels:uReportstableHeading},{ReportsGenericViewerLabels:uReportstableHeading}
label.Aggregate_By,Aggregate By,Aggregate By
alert_error.no_actions_assigned,Please contact your system administrator to add actions for this Role.,Please contact your system administrator to add actions for this Role.
alert.farmer.request.no_notification_record,Farmer did not receive notification for Voucher Batch: {fRequestCode},Farmer did not receive notification for Voucher Batch: {fRequestCode}
column.qty_eligible,Qty eligible,Qty eligible
table_column_heading.location_level_ten,location_level_ten,location_level_ten
error.location_level_eight,Level 8 cannot be empty,Level 8 cannot be empty
table_heading.Types,Types,Types
column.name,Name,Name
label.redeemed_total,Redeemed total,Redeemed total
button.Point_In_Time,Point In Time,Point In Time
button_heading.load,Load,Load
alert.object.voucher_batch_finalised,Voucher Batch Finalised,Voucher Batch Finalised
table_heading.internal_support,Internal support,Internal support
label.date_modified,Date modified,Date modified
alert_error.unit_name_required,alert_error.unit_name_required,alert_error.unit_name_required
column.Amount_Earned,Amount Earned,Amount Earned
button.Bulk_Management,Bulk Management,Bulk Management
view_heading.edit_farmer,Edit farmer,Edit farmer
button.Complete,Complete,Complete
column.stock_name,Stock name,Stock name
reportsviewheading.Daily_Beneficiary_List_Report,Daily Beneficiary List Report,Daily Beneficiary List Report
button.Re-activate,Re-activate,Re-activate
button.Reject,Reject,Reject
table_column_heading.location_level_seven,location_level_seven,location_level_seven
button.add_service_point,Add service point,Add service point
model.logs.error_log,Error Log,Error Log
alert_error.template_upload,Please remove template data.,Please remove template data.
alert.farmer.request.voucher_exists_redeemed,Voucher already issued.,Voucher already issued.
alerts.common.generic,{message},{message}
button.top_up,Top up,Top up
view_heading.Manage_Users,Manage Users,Manage Users
button.crops,Crops,Crops
alert.object.crop_active_vouchers,Crop in use by Voucher Templates/Batches,Crop in use by Voucher Templates/Batches
info.Uploader_Mobile,Uploader Mobile,Uploader Mobile
label.Bags_Cost,Bags Cost,Bags Cost
button.add_group_member,Add group member,Add group member
alert.object.voucher_batch_no_max_bags,Please enter a valid number for Maximum Bags per voucher.,Please enter a valid number for Maximum Bags per voucher.
button.send,Send,Send
label.Farmer_mobile,Farmer mobile,Farmer mobile
label.Include_Own_Level,Include Own Level,Include Own Level
button.add_stock_transaction,Add stock transaction,Add stock transaction
table_heading.benefit_templates,Benefit templates,Benefit templates
custom_header.hierarchy_level_five,Hierarchy level five,Hierarchy level five
table_heading.farmer_crop,Farmer crop,Farmer crop
label.module,Module,Module
view_heading.farmer_Profile_-_Audit,Farmer Profile - Audit,Farmer Profile - Audit
view_heading.view_group_member,View group member,View group member
column.Sub_County,Sub County,Sub County
custom_header.reportsgenerictemplate_column_decimal3,{ReportsGenericViewerLabels:column_decimal3},{ReportsGenericViewerLabels:column_decimal3}
view_heading.edit_agro_dealer_profile,Edit agro dealer profile,Edit agro dealer profile
view_heading.view_institute_config,View institute config,View institute config
table_heading.Transactions_history,Transactions history,Transactions history
view_heading.manage_user_group,Manage user group,Manage user group
column.Product_Name,Product Name,Product Name
column.total_bags,Total bags,Total bags
input.Value,Value,Value
column_heading.Created,Created,Created
column.bags_available,Bags available,Bags available
table_heading.Orders_Ready_To_Confirm,Orders Ready To Confirm,Orders Ready To Confirm
column.Percentage_of_farmers_with_GPS_coordinates,Percentage of farmers with GPS coordinates,Percentage of farmers with GPS coordinates
button_heading.view_paid_deposits,View Paid Deposit,View Paid Deposit
column.bankAccountNumber,BankAccountNumber,BankAccountNumber
button.add_stock_item,Add stock item,Add stock item
label.plot_LR,Plot LR,Plot LR
column_heading.GroupType,GroupType,GroupType
label.size_*,Size *,Size *
alert.stock.insufficient_amount,There is insufficient Stock available to process the transfer,There is insufficient Stock available to process the transfer
info.user_role,User role,User role
info.File_Name,File Name,File Name
button_heading.Remove_All_Orders,Remove All Orders,Remove All Orders
custom_header.crop32,{DashboardUtil:uCrop32},{DashboardUtil:uCrop32}
label.archived,Archived,Archived
reportsviewheading.Set_Available_Object_Types,Set Available Object Types,Set Available Object Types
column_heading.Order_Number,Order Number,Order Number
reports_bagshandled.No_of_Bags_handled,No of Bags handled,No of Bags handled
alert_error.invalid_firstname,No first name specified.,No first name specified.
input.config_key,Config key,Config key
input_label.is_mobile_action,Is mobile action,Is mobile action
custom_header.location_level_seven,Location level seven,Location level seven
column.verified,Verified,Verified
reportsviewheading.Redeemed_vouchers,Redeemed vouchers,Redeemed vouchers
column_heading.farmer.noklastname,noklastname,noklastname
view_heading.vetting_pool,Vetting pool,Vetting pool
column_heading.Error,Error,Error
table_heading.Farmer_CropVouchers,Farmer CropVouchers,Farmer CropVouchers
alert.stock.stock_received,Stock received,Stock received
button.Add_Language,Add Language,Add Language
view_heading.assign_Service_Point_Role_Access,Assign Service Point Role Access,Assign Service Point Role Access
column_heading.location_level_four,Level 4,Level 4
button.refresh,Refresh,Refresh
button.create,Create,Create
confirm_body.remove_role,Are you sure you would like to remove this Report from this Role?,Are you sure you would like to remove this Report from this Role?
column_heading.category,Category,Category
reportsviewheading.Reports,Reports,Reports
alert.select.error,Please select order you wish to confirm,Please select order you wish to confirm
reports_subcounty.Sub_county,Sub county,Sub county
button.Re-enroll,Re-enroll,Re-enroll
button.load,Load,Load
custom_header.stock_name,name,name
custom_header.hierarchy_level_eight,Hierarchy level eight,Hierarchy level eight
input.Key,Key,Key
custom_header.crop26,{DashboardUtil:uCrop26},{DashboardUtil:uCrop26}
column.id_number,Id number,Id number
column.days,Days,Days
label.date_synced,Date synced,Date synced
button_heading.Select_All_Orders,Select All Orders,Select All Orders
column.type,Type,Type
confirm_subject.archive_location_level,Delete Location Level,Delete Location Level
alert.object.archived,{uObjectName} archived.,{uObjectName} archived.
custom_header.reportsgenerictemplate_viewHeading,{ReportsGenericViewerLabels:uViewHeading},{ReportsGenericViewerLabels:uViewHeading}
column.fee_received,Fee received,Fee received
column.bags_redeemed,Bags redeemed,Bags redeemed
button.Upload_heading_langfileentry,Upload heading langfileentry,Upload heading langfileentry
reportsviewheading.Assign_Report,Assign Report,Assign Report
input.Archived,Archived,Archived
custom_header.crop92,{DashboardUtil:uCrop92},{DashboardUtil:uCrop92}
view_heading.Order_Management,Order Management,Order Management
view_heading.view_Service_Point_Users,View Service Point Users,View Service Point Users
custom_header.crop75,{DashboardUtil:uCrop75},{DashboardUtil:uCrop75}
alert.object.voucher_batch_invalid_dates,Voucher Batch has invalid date parameters,Voucher Batch has invalid date parameters
label.Enterprise_Ownership_*,Enterprise Ownership *,Enterprise Ownership *
button_label.back,Back,Back
column_heading.Units,Units,Units
reportsviewheading.Daily_Beneficiary_Total_Report,Daily Beneficiary Total Report,Daily Beneficiary Total Report
column_heading.Value_Chain,Value Chain,Value Chain
view_heading.stock_menu,Stock menu,Stock menu
error.location_level_five,Level 5 cannot be empty,Level 5 cannot be empty
alert.object.exists,{uObjectName} already exists.,{uObjectName} already exists.
button.add_season,Add season,Add season
alert.object.voucher_batch_no_season,Please select a season.,Please select a season.
label.first_name,First name,First name
column.cost_per_bag,Cost per bag,Cost per bag
custom_header.reportsgenerictemplate_column_datetime5,{ReportsGenericViewerLabels:column_datetime5},{ReportsGenericViewerLabels:column_datetime5}
label.Enterprise_Ownership,Enterprise Ownership,Enterprise Ownership
alert_info.duplicate_flag_created,Duplicate flags on farmer corrected,Duplicate flags on farmer corrected
button.Include_Archived,Include Archived,Include Archived
label.vatNumber,VatNumber,VatNumber
reports_unallocatedksh.Unallocated_(Ksh),Unallocated (Ksh),Unallocated (Ksh)
alert.error.no_agro_dealer,Could not determine AgroDealer,Could not determine AgroDealer
button_heading.Show_Comments,Show Comments,Show Comments
button.audit_logs,Audit logs,Audit logs
label.Service_Point_Stock_Totals,Service Point Stock Totals,Service Point Stock Totals
view_heading.Default_Data_Population,Default Data Population,Default Data Population
label.Service_Point,Service Point,Service Point
alert.voucher.redeemed,Voucher {fCode} has already been redeemed.,Voucher {fCode} has already been redeemed.
view_heading.Assign_Web_User_Roles,Assign Web User Roles,Assign Web User Roles
button.pay,Pay,Pay
custom_header.reportsgenerictemplate_column_decimal6,{ReportsGenericViewerLabels:column_decimal6},{ReportsGenericViewerLabels:column_decimal6}
reportstableheading.Assigned_Mobile_Users,Assigned Mobile Users,Assigned Mobile Users
input.CSV,CSV,CSV
custom_header.crop81,{DashboardUtil:uCrop81},{DashboardUtil:uCrop81}
alert.object.voucher_template_no_season,Please select a season.,Please select a season.
model.roles.initiator,Initiator,Initiator
button.Add_Config_Pair,Add Config Pair,Add Config Pair
table_heading.Translation_Key_Logs,Translation Key Logs,Translation Key Logs
column_heading.Item,Item,Item
button.add,Add,Add
input.label.fromDate,FromDate,FromDate
label.Total_Amount,Total Amount,Total Amount
label.bankAccountHolder,BankAccountHolder,BankAccountHolder
label.Iterate_Through_Levels,Iterate Through Levels,Iterate Through Levels
column.date_redeemed,Date redeemed,Date redeemed
confirm_subject.archive_location,Delete Location,Delete Location
custom_header.crop53,{DashboardUtil:uCrop53},{DashboardUtil:uCrop53}
view_heading.Voucher_Request_Filter,Voucher Request Filter,Voucher Request Filter
column_heading.batch,Batch,Batch
email.bodyKey,{emailBody},{emailBody}
column.bags_requested,Bags requested,Bags requested
input.Message_Type,Message Type,Message Type
table.Select,Select,Select
view_heading.Manage_Message_Schedule_Configuration,Manage Message Schedule Configuration,Manage Message Schedule Configuration
custom_header.crop85,{DashboardUtil:uCrop85},{DashboardUtil:uCrop85}
custom_header.crop80,{DashboardUtil:uCrop80},{DashboardUtil:uCrop80}
table_heading.Voucher_log,Voucher log,Voucher log
button_heading.Filter_By_User,Filter By User,Filter By User
button_heading.Show_List,Show List,Show List
column.User,User,User
confirm_body.Archive_Question,Are you sure you would like to archive this question?,Are you sure you would like to archive this question?
input.sms_content_csv,Sms content csv,Sms content csv
button.sms_logs,Sms logs,Sms logs
column_heading.webUser,User Name,User Name
label.village,Village,Village
label.Stock_Type,Stock Type,Stock Type
email.descriptionKey,{emailDescription},{emailDescription}
input.description,Description,Description
alert_error.invalid_croptype,Invalid crop type specified.,Invalid crop type specified.
info.DateTimeLastUpdated,DateTimeLastUpdated,DateTimeLastUpdated
column_heading.DateModified,DateModified,DateModified
button.add_agro_dealer_transaction,Add agro dealer transaction,Add agro dealer transaction
view_heading.bulk_communication,Bulk communication,Bulk communication
label.days,Days,Days
column_heading.Date_Paid,Date Paid,Date Paid
column_heading.partial,Partial,Partial
menu_item.Registration_Forms,Registration Forms,Registration Forms
table_heading.service_point_type,Service point type,Service point type
table_column_heading.location_level_nine,location_level_nine,location_level_nine
view_heading.Manage_Sms_Type,Manage Sms Type,Manage Sms Type
column.first_name,First name,First name
column.Date_Sent,Date Sent,Date Sent
label.expiry_days,Expiry days,Expiry days
label.Original_CaseSensitive_Text,Original CaseSensitive Text,Original CaseSensitive Text
column_heading.Group_Price,Group Price,Group Price
column.qty_redeemed,Qty redeemed,Qty redeemed
alert.voucher.not_found,Voucher {fCode} not found.,Voucher {fCode} not found.
custom_header.crop31,{DashboardUtil:uCrop31},{DashboardUtil:uCrop31}
info.Upload_Date,Upload Date,Upload Date
column_heading.Error_Code,Error Code,Error Code
input.Question,Question,Question
view_heading.Voucher_Batch_Fertilizers,Voucher Batch Fertilizers,Voucher Batch Fertilizers
column.partial,Partial,Partial
button.Process,Process,Process
column.vatNumber,VatNumber,VatNumber
column_heading.Parent,Parent,Parent
input.messageOrigin,MessageOrigin,MessageOrigin
column.origin,Origin,Origin
alert.uploadfile.confirmprocesssubject,Process Confirmation,Process Confirmation
reports_balance.Quantity_Balance,Quantity Balance,Quantity Balance
label.paymentPreference,PaymentPreference,PaymentPreference
column_heading.farmer.middlename,middlename,middlename
view_heading.extension_Officer_Profile,Extension Officer Profile,Extension Officer Profile
warn.multi_user_message,"NOTE: If a user has more than one role, only one message will be sent.","NOTE: If a user has more than one role, only one message will be sent."
custom_header.crop91,{DashboardUtil:uCrop91},{DashboardUtil:uCrop91}
column.Error_Message,Error Message,Error Message
view_heading.Error_Log,Error Log,Error Log
column_heading.Last_Name,Last Name,Last Name
view_heading.manage_action,Manage action,Manage action
column.county,County,County
column.Date_modified,Date modified,Date modified
column_heading.effect,Effect,Effect
view_heading.manage_farmer,Manage farmer,Manage farmer
alert.object.activate,{uObjectName} set to active.,{uObjectName} set to active.
column.Destination_Account,Destination Account,Destination Account
view_heading.Stock_Recon,Stock Reconciliation,Stock Reconciliation
table_heading.Top_10_Value_Chains,Top 10 Value Chains,Top 10 Value Chains
view_heading.manage_Agro_Dealer_Payments,Manage Agro Dealer Payments,Manage Agro Dealer Payments
column_heading._Function,Function,Function
button_label.Filter_Refresh,Filter Refresh,Filter Refresh
button.add_web_user,Add web user,Add web user
custom_header.crop49,{DashboardUtil:uCrop49},{DashboardUtil:uCrop49}
button.history,History,History
alert_error.invalid_farm_size,Invalid farm size.,Invalid farm size.
column_heading.farmer.firstname,firstname,firstname
stringgroup.Global_Translation_Parameter,Global Translation Parameter,Global Translation Parameter
view_heading.edit_farmer_payment,Edit farmer payment,Edit farmer payment
label.Total_Voucher_Value,Total Voucher Value,Total Voucher Value
info.BitBucketInformation,BitBucketInformation,BitBucketInformation
column_heading.farmer.village,village,village
column.reserved,Reserved,Reserved
column.Date_Synced,Date Synced,Date Synced
table_heading.crop,Crop,Crop
label.quantity,Quantity,Quantity
button.Approve,Approve,Approve
view_heading.view_stock_item,View stock item,View stock item
custom_header.reportsgenerictemplate_column_location2,{ReportsGenericViewerLabels:column_location2},{ReportsGenericViewerLabels:column_location2}
view_heading.create_crop,Create crop,Create crop
view_heading.Location_Upload_File,Location Upload File,Location Upload File
view_heading.edit_Service_Point,Edit Service Point,Edit Service Point
alert_error.empty_message,Please enter content for the message.,Please enter content for the message.
row_action._Trigger,Trigger,Trigger
button.Files_with_errors,Files with errors,Files with errors
view_heading.farmer_Profile_-_Vouchers,Farmer Profile - Vouchers,Farmer Profile - Vouchers
column.mobile_role,Mobile role,Mobile role
label.crop,Crop,Crop
confirm_body.finalise,Are you sure you want to finalise voucher {uCropVoucherCode}.?,Are you sure you want to finalise voucher {uCropVoucherCode}.?
view_heading.edit_crop,Edit crop,Edit crop
alert.user_group.archive_system,Cannot delete a System User Group,Cannot delete a System User Group
view_heading.Create_Enterprise_Group,Create Enterprise Group,Create Enterprise Group
label.isGenericReport,IsGenericReport,IsGenericReport
custom_header.crop96,{DashboardUtil:uCrop96},{DashboardUtil:uCrop96}
column_heading.object,Object,Object
button.users,Users,Users
custom_header.crop83,{DashboardUtil:uCrop83},{DashboardUtil:uCrop83}
reportstableheading.Voucher_Redemption_Report,Voucher Redemption Report,Voucher Redemption Report
table_heading.pending_transfers,Pending transfers,Pending transfers
button.upload_locations,Upload Locations,Upload Locations
alert_error.invalid_month,Month value {month} is invalid month.,Month value {month} is invalid month.
column.verfied_date,Verfied date,Verfied date
label.businessPermitNumber,BusinessPermitNumber,BusinessPermitNumber
view_heading.view_crop_voucher,View crop voucher,View crop voucher
alert.date_status.error,End Date Can Not Be Less Than Start Date,End Date Can Not Be Less Than Start Date
button.Verify,Verify,Verify
alert.farmer.request.voucher_batch_insufficient_stock,Insufficient Stock for Voucher Batch,Insufficient Stock for Voucher Batch
column_heading.Translation,Translation,Translation
column_heading.order_total,Order Total,Order Total
custom_header.location_level_three,Location level three,Location level three
button.manage,Manage,Manage
reports_reportdescription.Date_Created,Date Created,Date Created
custom_header.crop39,{DashboardUtil:uCrop39},{DashboardUtil:uCrop39}
custom_header.crop45,{DashboardUtil:uCrop45},{DashboardUtil:uCrop45}
column_heading.farmer.nokrelationshiptype,nokrelationshiptype,nokrelationshiptype
alert_error.empty_group_collection,"Group is empty, please add some people.","Group is empty, please add some people."
table_heading.Agro_Dealer_Transaction_Fee_Payment_History,Agro Dealer Transaction Fee Payment History,Agro Dealer Transaction Fee Payment History
button.view_members,View members,View members
alert.object.activated,{uObjectName} active status changed.,{uObjectName} active status changed.
button_heading.remove,Remove,Remove
label.datetime_archived,Datetime archived,Datetime archived
table_heading.service_point,Service point,Service point
label.dob_*,Dob *,Dob *
reports_vouchercode.Voucher_Code,Voucher Code,Voucher Code
label.nok_last_name,Nok last name,Nok last name
label.Order_Total,Order Total,Order Total
view_heading.manage_Service_Point,Manage Service Point,Manage Service Point
column_heading.scheduled_events,Scheduled events,Scheduled events
custom_header.crop40,{DashboardUtil:uCrop40},{DashboardUtil:uCrop40}
view_heading.manage_voucher,Manage voucher,Manage voucher
button.capture,Capture,Capture
alert.farmer_crop_verfied,Farmer Crop Verified,Farmer Crop Verified
menu_item.Farmer_Recruitment,Farmer Recruitment,Farmer Recruitment
column.module,Module,Module
reports_voucherid.Voucher_ID,Voucher ID,Voucher ID
column.qty_selected,Qty selected,Qty selected
custom_header.crop1,{DashboardUtil:uCrop1},{DashboardUtil:uCrop1}
view_heading.Edit_Sms_Language,Edit Sms Language,Edit Sms Language
column.initial_quantity,Initial quantity,Initial quantity
button.filter_crops,Filter crops,Filter crops
reports_reportdate.Date,Date,Date
alert.field.validation.required,This is a required field.,This is a required field.
label.lipa_Mpesa_Till_Number,Lipa Mpesa Till Number,Lipa Mpesa Till Number
string_label._Unit_name,Unit name,Unit name
row_action.Remove,Remove,Remove
alert.stock.invalid_destination,Please select a destination for stock transfer,Please select a destination for stock transfer
info.user_location,User location,User location
table_title.tasks,Tasks,Tasks
label.farmer_ward,Farmer ward,Farmer ward
column_heading.farmer_location,Farmer location,Farmer location
column_heading.farmer.mobilenumber,mobilenumber,mobilenumber
alert.object.voucher_batch_name_exists_already,The voucher batch name {fAttributeName} exists already.,The voucher batch name {fAttributeName} exists already.
reports_redeemed.Quantity_Redeemed_(Bags),Quantity Redeemed (Bags),Quantity Redeemed (Bags)
menu_item.Configurable_Forms,Configurable Forms,Configurable Forms
label.CreateEditMode,CreateEditMode,CreateEditMode
view_heading.Location_Uploads_with_errors,Location Uploads with errors,Location Uploads with errors
custom_header.crop62,{DashboardUtil:uCrop62},{DashboardUtil:uCrop62}
submit.save,Save,Save
view_heading.Upload_Locations,Upload Locations,Upload Locations
custom_header.crop77,{DashboardUtil:uCrop77},{DashboardUtil:uCrop77}
reportsviewheading.Voucher_codes_sent,Voucher codes sent,Voucher codes sent
reportsviewheading.Stock_Recon_Report,Stock Reconciliation Report,Stock Reconciliation Report
reportsviewheading.Farmer_Registration_Answers_Report,Farmer Registration Answers Report,Farmer Registration Answers Report
column.bag_handling_fee,Bag handling fee,Bag handling fee
reports_reportorder.Report_order,Report order,Report order
view_heading.view_Agro_Dealer_Payments,View Agro Dealer Payments,View Agro Dealer Payments
confirm_subject.archive_farmer,Delete Farmer,Delete Farmer
reportsviewheading.Permissions,Permissions,Permissions
column.level,Level,Level
custom_header.reportsgenerictemplate_column_int1,{ReportsGenericViewerLabels:column_int1},{ReportsGenericViewerLabels:column_int1}
view_heading.create_Service_Point_Type,Create Service Point Type,Create Service Point Type
reportsviewheading.Web_Reports,Web Reports,Web Reports
label.To_Date,To Date,To Date
sms.messageContent,{messageContent},{messageContent}
button.FilterByParameters,FilterByParameters,FilterByParameters
alert_error.recipient_count_empty,The recipient count is 0 . Please add people to Group.,The recipient count is 0 . Please add people to Group.
button.Edit_Definitions,Edit Definitions,Edit Definitions
column.date,Date,Date
table_heading.test_data_generation,Test data generation,Test data generation
button.Submit_for_approval,Submit for approval,Submit for approval
stringgroup.GroupType,GroupType,GroupType
alert.field.updated,{uFieldName} updated.,{uFieldName} updated.
button.Fix_Erros,Fix Erros,Fix Erros
textfield.New_Comment,New Comment,New Comment
label.paid_On,Paid On,Paid On
alert.Configurable_Object_Still_Active,Configurable Object still active,Configurable Object still active
custom_header.stock_unit_price,unit_price,unit_price
input.order,Order,Order
alert_error.invalid_mobile_number,Invalid mobile number.,Invalid mobile number.
reports_voucherstatus.Voucher_Status,Voucher Status,Voucher Status
view_heading.edit_role_group_profile,Edit role group profile,Edit role group profile
label.businessName,BusinessName,BusinessName
table_heading.Roles_with_Profiles,Roles with Profiles,Roles with Profiles
menu_item.Configurable_Questions,Configurable Questions,Configurable Questions
button.assign,Assign,Assign
string_label.Last_Connected,Last Connected,Last Connected
button.Delete,Delete,Delete
column.businessName,BusinessName,BusinessName
label.Total_Redeemed_Voucher,Total Redeemed Voucher,Total Redeemed Voucher
label.Current_Cost_Price,Current Cost Price,Current Cost Price
alert.farmer.request.code_null,Request code is null,Request code is null
result.config_value_set,Config value set.,Config value set.
view_heading.View_Stock,View Stock,View Stock
label.lipaMpesaTillNumber,LipaMpesaTillNumber,LipaMpesaTillNumber
custom_header.Farmers_by_reportlevel,Farmers by {DashboardUtil:uReportLevelName},Farmers by {DashboardUtil:uReportLevelName}
column_heading.Date_Created,Date Created,Date Created
view_heading.edit_role_group,Edit role group,Edit role group
column.Service_Point,Service Point,Service Point
validation.validation_successful,Successful,Successful
custom_header.Voucher_Value,Voucher Value,Voucher Value
alert.bulk_message_success,Bulk Message created and sent for approval.,Bulk Message created and sent for approval.
button.Upload_Farmers,Upload Farmers,Upload Farmers
view_heading.web_User_Profile,Web User Profile,Web User Profile
table_heading.institute_config,Institute config,Institute config
column.status,Status,Status
label.Total_Value,Total Value,Total Value
table_heading.voucher_category,Voucher category,Voucher category
column_heading.form_description,Form description,Form description
column.Farmers_Involved,Farmers Involved,Farmers Involved
column.Mobile_Number,Mobile Number,Mobile Number
view_heading.Stock_Item_Upload_File,Stock Item Upload File,Stock Item Upload File
custom_header.location_level_two,Location level two,Location level two
button.Mobile_Details,Mobile Details,Mobile Details
column_heading.Customer_Name,Customer Name,Customer Name
info.daily_registration,Please note that the report is updated daily at 22:00.,Please note that the report is updated daily at 22:00.
alert.user_re-enrolling_exists,"This user exists, please search thoroughly.","This user exists, please search thoroughly."
view_heading.Manage_Enterprise_Group,Manage Enterprise Group,Manage Enterprise Group
confirm_subject.archive,Archive?,Archive?
alert.bulk_message_rejected,Bulk Message rejected.,Bulk Message rejected.
view_heading.View_Sms_Content,View Sms Content,View Sms Content
view_heading.role_group_message,Role group message,Role group message
alert.object.created,{uObjectName} created.,{uObjectName} created.
custom_header.reportlevel,{DashboardUtil:uReportLevelName},{DashboardUtil:uReportLevelName}
column.processed,Processed,Processed
confirm_body.archive_user_?,Are you sure?,Are you sure?
column_heading.farmer.farmlongitude,farmlongitude,farmlongitude
input_label.is_mobile_role,Is mobile role,Is mobile role
view_heading.edit_mobile_user,Edit mobile user,Edit mobile user
custom_header.hierarchy_level_four,Hierarchy level four,Hierarchy level four
column.stock_item,Stock item,Stock item
column_heading.Number_of_Farmers,Number of Farmers,Number of Farmers
column.amount_redeemed,Amount redeemed,Amount redeemed
sms_alert.new_role_registration,New role registration completed successfully.,New role registration completed successfully.
column_heading.role,Role,Role
custom_header.crop100,{DashboardUtil:uCrop100},{DashboardUtil:uCrop100}
label.Note,Note,Note
label.Farmer_group,Farmer group,Farmer group
table_column_heading.location_level_six,location_level_six,location_level_six
menu_item.PreReg_Farmers,PreReg Farmers,PreReg Farmers
alert.field.validation.string,{uFieldName} needs to be valid alphanumeric text.,{uFieldName} needs to be valid alphanumeric text.
table.Questions,Questions,Questions
column_heading.location_level_one,Level 1,Level 1
custom_header.crop5,{DashboardUtil:uCrop5},{DashboardUtil:uCrop5}
error.not_allowed_to_approve,You cannot approve messages created by yourself.,You cannot approve messages created by yourself.
column_heading.Processed_Time,Processed Time,Processed Time
view_heading.task_management,Task management,Task management
view_heading.pay_Agro_Dealer,Pay Agro Dealer,Pay Agro Dealer
view_heading.view_agro_dealer_profile,View agro dealer profile,View agro dealer profile
table_heading.role_group_profile,Role group profile,Role group profile
label.Price_per_Measure,Price per Measure,Price per Measure
custom_header.reportstableheading,{Reportviewer:uZanacoPaymentReportName},{Reportviewer:uZanacoPaymentReportName}
alert.deposit.successful,Deposit successfully confirmed,Deposit successfully confirmed
view_heading.view_stock_transaction,View stock transaction,View stock transaction
error.location_level_two,Level 2 cannot be empty,Level 2 cannot be empty
view_heading._Manage_Scheduled_Functions,Manage Scheduled Functions,Manage Scheduled Functions
custom_header.crop17,{DashboardUtil:uCrop17},{DashboardUtil:uCrop17}
label.role_group,Role group,Role group
column.code,Code,Code
label.NCPB,NCPB,NCPB
column_heading.mobile_number,Mobile number,Mobile number
view_heading.agro_Dealer_Profile,Agro Dealer Profile,Agro Dealer Profile
column_heading.Male_Farmers,Male Farmers,Male Farmers
view_heading.edit_season,Edit season,Edit season
label.id,Id,Id
column_heading.Type,Type,Type
label.Filter_By_Location,Filter By Location,Filter By Location
view_heading.Voucher_Batch_Crops,Voucher Batch Crops,Voucher Batch Crops
reportstableheading.Farmer_Voucher_Adoption,Farmer Voucher Adoption,Farmer Voucher Adoption
column_heading.location_level_seven,Level 7,Level 7
alert.voucher.expired,Voucher {fCode} has already expired.,Voucher {fCode} has already expired.
column_heading.order_number,Order Number,Order Number
view_heading.audit_Logs,Audit Logs,Audit Logs
view_heading.pay_transaction_fee,Pay transaction fee,Pay transaction fee
input.label.toDate,ToDate,ToDate
column.archived,Archived,Archived
label.Code,Code,Code
column_heading.filter_by_location,Filter by location,Filter by location
confirm_body.archive_generic,Are you sure you would like to delete this record?,Are you sure you would like to delete this record?
button.View_File,View File,View File
label.location_level,Location level,Location level
view_heading.Upload_Stock_Items,Upload Stock Items,Upload Stock Items
column.member_count,Member count,Member count
button.add_role_group_profile,Add role group profile,Add role group profile
column.Number_of_farmers_registered,Number of farmers registered,Number of farmers registered
label.profile_path,Profile path,Profile path
label.esub_status,Esub status,Esub status
alert.Configurable_Setup_Still_Active,Configurable Setup still active,Configurable Setup still active
label.nationalId,NationalId,NationalId
input_label.institute,Institute,Institute
label.request_code,Request code,Request code
view_heading.Manage_Mobile_Users,Manage Mobile Users,Manage Mobile Users
custom_header.reportsgenerictemplate_column_date1,{ReportsGenericViewerLabels:column_date1},{ReportsGenericViewerLabels:column_date1}
label.Include_Parent,Include Parent,Include Parent
reports_sno.S/No,S/No,S/No
table_heading.Download_and_Fix,Download and Fix,Download and Fix
menu_item.location,Location,Location
table_heading.agro_dealer_transaction,Agro dealer transaction,Agro dealer transaction
column.transaction,Transaction,Transaction
custom_header.Total_Answers,{Reportviewer:uTotalHeader},{Reportviewer:uTotalHeader}
reports_fertilizerquantity.Fertilizer_Quantity_Gone_to_the_Crop_(Bags),Fertilizer Quantity Gone to the Crop (Bags),Fertilizer Quantity Gone to the Crop (Bags)
column.request_code,Request code,Request code
column.date_synced,Date synced,Date synced
input.farmers_csv,Farmers csv,Farmers csv
label.Type,Type,Type
label.Location_Name,Location Name,Location Name
custom_header.crop27,{DashboardUtil:uCrop27},{DashboardUtil:uCrop27}
view_heading.Add_Crop_To_Voucher_Template,Add Crop To Voucher Template,Add Crop To Voucher Template
column_heading.voucher_batch_name,Voucher batch name,Voucher batch name
alert.parameter.null,Null parameter passed {fSource},Null parameter passed {fSource}
reports_ward.Ward,Ward,Ward
column_heading.Customer_Mobile,Customer Mobile,Customer Mobile
column_heading.location_level_eight,Level 8,Level 8
column_heading.farmer.lastname,lastname,lastname
table_heading.report_result,Report result,Report result
column.size,Size,Size
alert.uploadfile.confirmschedulebody,Please confirm that you wish to schedule this uploaded file for processing?,Please confirm that you wish to schedule this uploaded file for processing?
column_heading.name,Name,Name
column.By_Date,By Date,By Date
label.Voucher_Code,Voucher Code,Voucher Code
reportstableheading.Distribution_Costs_per_Depot,Distribution Costs per Depot,Distribution Costs per Depot
Select_User,Select User,Select User
table_heading.farmer_crop_vetting_pool,Farmer crop vetting pool,Farmer crop vetting pool
info.priority,Priority,Priority
view_heading.Farmer_Search,Farmer Search,Farmer Search
menu_item.Crops,Crops,Crops
alert.comment.success,Your comment has been added,Your comment has been added
result.config_not_found,Config setting not found.,Config setting not found.
button.Add_Question,Add Question,Add Question
label.Max_crop_size,Max crop size,Max crop size
column_heading.Key,Key,Key
string_label.last_name,Last name,Last name
table_column_heading.location_level_one,location_level_one,location_level_one
label.Bags_per_acres,Bags per acres,Bags per acres
label.bag_cost,Bag cost,Bag cost
table_heading.voucher_batch,Voucher batch,Voucher batch
view_heading.dev_testing,Dev testing,Dev testing
button.execute_event,Execute event,Execute event
label.Report_Key,Report Key,Report Key
view_heading.view_benefit_template,View benefit template,View benefit template
alert.voucher.redeem_failure,Voucher/s {fVoucherCodeFailure} have not been processed successfully.,Voucher/s {fVoucherCodeFailure} have not been processed successfully.
column.max_size,Max size,Max size
column.available,Available,Available
custom_header.reportsgenerictemplate_column_date4,{ReportsGenericViewerLabels:column_date4},{ReportsGenericViewerLabels:column_date4}
table_heading.stock_transaction,Stock transaction,Stock transaction
reportstableheading.Products_Redeemed_Report,Products Redeemed Report,Products Redeemed Report
column_heading.schedule,Schedule,Schedule
input.Message_to_send,Message to send,Message to send
custom_header.crop46,{DashboardUtil:uCrop46},{DashboardUtil:uCrop46}
column.Acreage_/_Units,Acreage / Units,Acreage / Units
custom_header.crop20,{DashboardUtil:uCrop20},{DashboardUtil:uCrop20}
column.mobile_action,Mobile action,Mobile action
button.verify,Verify,Verify
column_heading.user_role,User role,User role
view_heading.Upload_SMS_Content,Upload SMS Content,Upload SMS Content
label.name,Name,Name
view_heading.Bank_Deposits,Bank Deposits,Bank Deposits
table_heading.Error_Log,Error Log,Error Log
custom_header.reportsgenerictemplate_column_decimal2,{ReportsGenericViewerLabels:column_decimal2},{ReportsGenericViewerLabels:column_decimal2}
label.nok_mobile_number,Nok mobile number,Nok mobile number
column_heading.date_edited,Date edited,Date edited
label.sms_date,Sms date,Sms date
label.last_name,Last name,Last name
custom_header.crop30,{DashboardUtil:uCrop30},{DashboardUtil:uCrop30}
custom_header.reportsgenerictemplate_column_location3,{ReportsGenericViewerLabels:column_location3},{ReportsGenericViewerLabels:column_location3}
custom_header.reportsgenerictemplate_column_int10,{ReportsGenericViewerLabels:column_int10},{ReportsGenericViewerLabels:column_int10}
view_heading.Set_Role_Group_Actions,Set Role Group Actions,Set Role Group Actions
table_heading.mobile_user,Mobile user,Mobile user
custom_header.location_level_eight,Location level eight,Location level eight
column.user_group,User group,User group
column.end,End,End
view_heading.Question_Setup,Question Setup,Question Setup
custom_header.reportsgenerictemplate_column_decimal8,{ReportsGenericViewerLabels:column_decimal8},{ReportsGenericViewerLabels:column_decimal8}
column.Enrolled,Enrolled,Enrolled
custom_header.stock_current_cost_price,current_cost_price,current_cost_price
column.governmentPersonneleNumber,GovernmentPersonneleNumber,GovernmentPersonneleNumber
alert_error.invalid_dob,No date of birth specified.,No date of birth specified.
button.back,Back,Back
view_heading.Create_Web_user,Create Web user,Create Web user
reports_farmername.Farmer_Name,Farmer Name,Farmer Name
custom_header.reportsgenerictemplate_column_int9,{ReportsGenericViewerLabels:column_int9},{ReportsGenericViewerLabels:column_int9}
custom_header.reportsgenerictemplate_column_location5,{ReportsGenericViewerLabels:column_location5},{ReportsGenericViewerLabels:column_location5}
model.logs.activity_log,Activity Log,Activity Log
label.sms_content,Sms content,Sms content
view_heading.view_Voucher_Batch,View Voucher Batch,View Voucher Batch
validation.required,This is a required field.,This is a required field.
column.Farmer_Name,Farmer Name,Farmer Name
view_heading.edit_Web_User,Edit Web User,Edit Web User
label.Receipt_Measure,Receipt Measure,Receipt Measure
view_heading.Edit_Question_Setup,Edit Question Setup,Edit Question Setup
view_heading.edit_farmer_crop,Edit farmer crop,Edit farmer crop
column.location,Location,Location
reports_acreage.Acreage,Acreage,Acreage
column.Season,Season,Season
reports_utilizedorredeemedksh.Utilized_or_Redeemed_(Ksh),Utilized or Redeemed (Ksh),Utilized or Redeemed (Ksh)
button.add_farmer_payment,Add farmer payment,Add farmer payment
column.customRoleName,CustomRoleName,CustomRoleName
column_heading.Message,Message,Message
table_heading.voucher_batch_transaction,Voucher batch transaction,Voucher batch transaction
reports_received.Quantity_Received,Quantity Received,Quantity Received
table_heading.sms_logs,Sms logs,Sms logs
alert_error.wrong_date_format,"Wrong date format, please use yyyy-mm-dd.","Wrong date format, please use yyyy-mm-dd."
column.Date_Range,Date Range,Date Range
column_heading.farmer.croptypename,croptypename,croptypename
custom_header.crop43,{DashboardUtil:uCrop43},{DashboardUtil:uCrop43}
stringgroup.Translation,Translation,Translation
table_heading.action,Action,Action
alert.role_archived,Role archived.,Role archived.
column.Location,Location,Location
column_heading.Bank_Deposit_Date,Bank Deposit Date,Bank Deposit Date
label.member_count,Member count,Member count
info.status,Status,Status
view_heading.view_agro_dealer_transaction,View agro dealer transaction,View agro dealer transaction
reports_crops.Crops,Crops,Crops
table_previousfiles.Previous_Fileuploads,Previous Fileuploads,Previous Fileuploads
custom_header.crop44,{DashboardUtil:uCrop44},{DashboardUtil:uCrop44}
custom_header.crop9,{DashboardUtil:uCrop9},{DashboardUtil:uCrop9}
datefield.Start_Date,Start Date,Start Date
string_label.mobile_number,Mobile number,Mobile number
alert.farmer.mobile_number_null,Farmer mobile number is null,Farmer mobile number is null
column_heading.farmer.farmownership,farmownership,farmownership
label.Bags_selected,Bags selected,Bags selected
custom_header.reportsgenerictemplate_column_date5,{ReportsGenericViewerLabels:column_date5},{ReportsGenericViewerLabels:column_date5}
confirm_body.archive_web_user,Archive Web User,Archive Web User
column_heading.Created_by,Created by,Created by
label.group,Group,Group
error.existing_user_group,This group already exists.,This group already exists.
column.Questions_Answered,Questions Answered,Questions Answered
alert_error.Wrong_time_format,The time is in the incorrect format please use HH:00,The time is in the incorrect format please use HH:00
view_heading.Farmer_crop_view,Farmer crop view,Farmer crop view
label.bankAccountNumber,BankAccountNumber,BankAccountNumber
label.gender,Gender,Gender
custom_header.crop95,{DashboardUtil:uCrop95},{DashboardUtil:uCrop95}
column.Group_Id,Group Id,Group Id
alert.uploadfile.confirmschedulesubject,Schedule Confirmation,Schedule Confirmation
reports_totalhandlingcostksh.Total_handling_cost_(Ksh),Total handling cost (Ksh),Total handling cost (Ksh)
table_heading.user_group,User group,User group
custom_header.crop94,{DashboardUtil:uCrop94},{DashboardUtil:uCrop94}
label.Preferred_Language,Preferred Language,Preferred Language
table_heading.Scheduled_Function_Configurations,Scheduled Function Configurations,Scheduled Function Configurations
info.scheduled_function_config_updated,Scheduled Function updated,Scheduled Function updated
custom_header.crop69,{DashboardUtil:uCrop69},{DashboardUtil:uCrop69}
view_heading.Edit_TranslationPair,Edit TranslationPair,Edit TranslationPair
column.fee_earned,Fee earned,Fee earned
column_heading.description,Description,Description
alert.voucher.redeem_success,Voucher/s {fVoucherCodeSuccess} successfully redeemed.,Voucher/s {fVoucherCodeSuccess} successfully redeemed.
button.Next,Next,Next
label.bag_subsidy,Bag subsidy,Bag subsidy
button_heading.view_paid_orders,View Paid Orders,View Paid Orders
reports_generic.Date_Modified,Date Modified,Date Modified
view_heading.Edit_StringGroup,Edit StringGroup,Edit StringGroup
view_heading.Manage_benefit_template,Manage benefit template,Manage benefit template
table_heading.location_level,Location level,Location level
alert.invalid_locations_found,Invalid Locations Found,Invalid Locations Found
alert.uploadfile.file_format,"Only PDF , JPG , PNG files that are copies or images of proof of payment allowed","Only PDF , JPG , PNG files that are copies or images of proof of payment allowed"
menu_item.vouchers,Vouchers,Vouchers
info.Objects_Available,Objects Available,Objects Available
view_heading.edit_web_user,Edit web user,Edit web user
custom_header.crop84,{DashboardUtil:uCrop84},{DashboardUtil:uCrop84}
alert_error.no_file,No file found.,No file found.
column.finalised,Finalised,Finalised
view_heading.create_benefit_template,Create benefit template,Create benefit template
column.businessRegType,BusinessRegType,BusinessRegType
reports_subsidyperbagksh.Subsidy_per_Bags_(Ksh),Subsidy per Bags (Ksh),Subsidy per Bags (Ksh)
label.county,County,County
label.postal_address,Postal address,Postal address
column_heading.Active,Active,Active
column_heading.farmer.nationalid,nationalid,nationalid
button.Mobile_Users,Mobile Users,Mobile Users
view_heading.edit_action,Edit action,Edit action
custom_header.crop35,{DashboardUtil:uCrop35},{DashboardUtil:uCrop35}
error.no_recipients,No recipients specified.,No recipients specified.
label.bag_handling_fee,Bag handling fee,Bag handling fee
column_heading.Location,Location,Location
column.Order,Order,Order
button.view,View,View
column.farmer,Farmer,Farmer
column_heading.event,Event,Event
custom_header.crop57,{DashboardUtil:uCrop57},{DashboardUtil:uCrop57}
column_heading.farmer.postaladdress,postaladdress,postaladdress
input.From_Date,From Date,From Date
view_heading.View_Agro_Dealer_Transaction_Fee_History,View Agro Dealer Transaction Fee History,View Agro Dealer Transaction Fee History
custom_header.crop48,{DashboardUtil:uCrop48},{DashboardUtil:uCrop48}
view_heading.Form_Filter,Form Filter,Form Filter
view_heading.manage_Internal_Support,Manage Internal Support,Manage Internal Support
view_heading.Manage_Settings,Manage Settings,Manage Settings
label.Language,Language,Language
column.number_of_plots,Number of plots,Number of plots
column.total_owed,Total owed,Total owed
button.finalise,Finalise,Finalise
label.crop_*,Crop *,Crop *
custom_header.hierarchy_level_three,Hierarchy level three,Hierarchy level three
column_heading.created,Created,Created
label.payment_code,Payment code,Payment code
column_heading.Order_Total,Order Total,Order Total
label.active,Active,Active
alert.object.found,{uObjectName} found.,{uObjectName} found.
table_heading.group_member,Group member,Group member
column.esub_status,Esub status,Esub status
column.outstanding_balance,Outstanding balance,Outstanding balance
alert_error.max_uploads,Maximum number of successful uploads reached.,Maximum number of successful uploads reached.
custom_header.reportsgenerictemplate_column_string5,{ReportsGenericViewerLabels:column_string5},{ReportsGenericViewerLabels:column_string5}
column.GPS_lat,GPS lat,GPS lat
reportsviewheading.Detailed_Fertilizer_Balance_per_Depot/Agro_dealer,Detailed Fertilizer Balance per Depot/Agro dealer,Detailed Fertilizer Balance per Depot/Agro dealer
error.location_level_nine,Level 9 cannot be empty,Level 9 cannot be empty
label.datetime_created,Datetime created,Datetime created
alert.object.voucher_batch_invalid_end_date,End date needs to be greater than today's date,End date needs to be greater than today's date
button.add_benefit_template,Add benefit template,Add benefit template
label.sms_type,Sms type,Sms type
alert.select_end_status.error,Please Select a End Date,Please Select a End Date
label.business_Permit_Number,Business Permit Number,Business Permit Number
view_heading.View_Paid_Deposits,View Deposit Paid Orders,View Deposit Paid Orders
table_heading.agro_dealer_profile,Agro dealer profile,Agro dealer profile
button.Upload_SMS_Content,Upload SMS Content,Upload SMS Content
button.Assign,Assign,Assign
custom_header.reportsgenerictemplate_column_date3,{ReportsGenericViewerLabels:column_date3},{ReportsGenericViewerLabels:column_date3}
column.verified_size,Verified size,Verified size
column_heading.Product_Code,Product Code,Product Code
alert.no_matches_found,No users found,No users found
button.Clear,Clear,Clear
column.First_Name,First Name,First Name
alert.active_stock_found,Cannot archived as there is still stock available.,Cannot archived as there is still stock available.
reportstableheading.Enterprise_Summary_Report,Enterprise Summary Report,Enterprise Summary Report
alert.object.voucher_batch_no_location,"Please select a location. If none exist, please create locations first.","Please select a location. If none exist, please create locations first."
column.date_modified,Date modified,Date modified
custom_header.reportsgenerictemplate_column_int4,{ReportsGenericViewerLabels:column_int4},{ReportsGenericViewerLabels:column_int4}
alert.farmer.request.voucher_batch_not_active,Voucher Batch no longer active,Voucher Batch no longer active
column_heading.Order_Created_Date,Order Created Date,Order Created Date
button.Invalid_Uploads,Invalid Uploads,Invalid Uploads
label.customRoleName,CustomRoleName,CustomRoleName
custom_header.crop97,{DashboardUtil:uCrop97},{DashboardUtil:uCrop97}
column.crop_type,Crop type,Crop type
alert_error.webuser.mobile_exists,WebUser already exists with mobile number: {fAttributeName}.,WebUser already exists with mobile number: {fAttributeName}.
column_heading.action,Action,Action
column.Transaction_Value,Transaction Value,Transaction Value
button.Reset,Reset,Reset
menu_item.menu,Menu,Menu
view_heading.Send_SMS,Send SMS,Send SMS
button.add_agro_dealer_profile,Add agro dealer profile,Add agro dealer profile
column.Sync_Location,Sync Location,Sync Location
reportstableheading.Detailed_Till_Transactions_Report,Detailed Till Transactions Report,Detailed Till Transactions Report
column_heading.code,Code,Code
reportstableheading.Enterprises_Supported_Status,Enterprises Supported Status,Enterprises Supported Status
alert.object.voucher_template_no_max_bags,Please enter a valid number for Maximum Bags per voucher.,Please enter a valid number for Maximum Bags per voucher.
column.Paid_By,Paid By,Paid By
reports_reportdescription.Report_Description,Report Description,Report Description
reports_utilized.Utilized_(Redeemed_Bags),Utilized (Redeemed Bags),Utilized (Redeemed Bags)
custom_header.crop54,{DashboardUtil:uCrop54},{DashboardUtil:uCrop54}
column.content,Content,Content
column.farm_size,Farm size,Farm size
button.Details,Details,Details
alert_success.resend.vouchers_found,There were {count} vouchers found. Notifications sent.,There were {count} vouchers found. Notifications sent.
label.location,Location,Location
column_heading.value,Value,Value
view_heading.edit_agro_dealer_transaction,Edit agro dealer transaction,Edit agro dealer transaction
button.Load_Defaults,Load Defaults,Load Defaults
column_heading.Mobile_Number,Mobile Number,Mobile Number
column.mobile_Number,Mobile Number,Mobile Number
custom_header.reportsgenerictemplate_column_decimal7,{ReportsGenericViewerLabels:column_decimal7},{ReportsGenericViewerLabels:column_decimal7}
custom_header.crop42,{DashboardUtil:uCrop42},{DashboardUtil:uCrop42}
custom_header.reportsgenerictemplate_column_datetime2,{ReportsGenericViewerLabels:column_datetime2},{ReportsGenericViewerLabels:column_datetime2}
input.langfile_csv,Langfile csv,Langfile csv
button_heading.All_Orders,All Orders,All Orders
alert.voucher.redeem.insufficient_stock,Insufficient stock,Insufficient stock
custom_header.hierarchy_level_six,Hierarchy level six,Hierarchy level six
alert_error.duplicate_farmer_csv,Farmer with mobile number already exists. Additional crops can be captured during registration.,Farmer with mobile number already exists. Additional crops can be captured during registration.
column_heading.Product_Name,Product Name,Product Name
alert.farmer.request.voucher_error,Something went wrong creating the Voucher,Something went wrong creating the Voucher
button.hierarchy,Hierarchy,Hierarchy
custom_header.stock_code,code,code
table_heading.Comments,Comments,Comments
column.initial_budget,Initial budget,Initial budget
column_heading._Unit,Unit,Unit
label.nok_relationship_type,Nok relationship type,Nok relationship type
view_heading.edit_group_member,Edit group member,Edit group member
label.Enterprise_Category*,Enterprise Category*,Enterprise Category*
column_heading.field_order,Field order,Field order
column.businessPermitNumber,BusinessPermitNumber,BusinessPermitNumber
button.add_action,Add action,Add action
table_heading.activity_logs,Activity logs,Activity logs
view_heading.voucher_batch_top-up,Voucher batch top-up,Voucher batch top-up
column.Gender,Gender,Gender
input_label.active,Active,Active
reportstableheading.Eligible_Voucher_Request_Report,Eligible Voucher Request Report,Eligible Voucher Request Report
label.processed,Processed,Processed
view_heading.Manage_Configurable_Questions,Manage Configurable Questions,Manage Configurable Questions
alert.start_date_status.error,Start Date Can Not Be Less Than Current Date,Start Date Can Not Be Less Than Current Date
column_heading.archived,Archived,Archived
button.create_template,Create template,Create template
custom_header.reportsgenerictemplate_column_decimal5,{ReportsGenericViewerLabels:column_decimal5},{ReportsGenericViewerLabels:column_decimal5}
input_label.stock_item,Stock item,Stock item
custom_header.location_level_six,Location level six,Location level six
error.location_level_seven,Level 7 cannot be empty,Level 7 cannot be empty
result.config_value_not_set,Config value not set.,Config value not set.
label.VAT_Number,VAT Number,VAT Number
reportstableheading.Redeemed_Vouchers_Report,Redeemed Vouchers Report,Redeemed Vouchers Report
custom_header.hierarchy_level_seven,Hierarchy level seven,Hierarchy level seven
reportstableheading.Forms_Captured_Report,Forms Captured Report,Forms Captured Report
button.add_internal_support,Add internal support,Add internal support
column.Preferred_Language,Preferred Language,Preferred Language
custom_header.crop60,{DashboardUtil:uCrop60},{DashboardUtil:uCrop60}
confirmation.reactivate_messages_subject,Re-active Mobile Number,Re-active Mobile Number
table_heading.agro_Dealer_Transactions,Agro Dealer Transactions,Agro Dealer Transactions
custom_header.location_level_five,Location level five,Location level five
button.Upload_Stock,Upload Stock,Upload Stock
column.Mobile_User_Name,Mobile User Name,Mobile User Name
column.last_name,Last name,Last name
view_heading.Manage_Farmer_Groups,Manage Farmer Groups,Manage Farmer Groups
view_heading.View_Agro_Dealer_Transaction_Fee_Payment_History,View Agro Dealer Transaction Fee Payment History,View Agro Dealer Transaction Fee Payment History
view_heading.farmer_bulk_message,Farmer bulk message,Farmer bulk message
button.Update_All,Update All,Update All
enum.ORDER_STATUS.Paid,Paid,Paid
label.Unit_Price,Unit Price,Unit Price
view_heading.Issue_Stock,Issue Stock,Issue Stock
custom_header.reportsgenerictemplate_column_datetime3,{ReportsGenericViewerLabels:column_datetime3},{ReportsGenericViewerLabels:column_datetime3}
column.bag_subsidy,Bag subsidy,Bag subsidy
view_heading.Edit_Enterprise_Group,Edit Enterprise Group,Edit Enterprise Group
custom_header.reportsgenerictemplate_column_string10,{ReportsGenericViewerLabels:column_string10},{ReportsGenericViewerLabels:column_string10}
table_heading.season,Season,Season
label.current_balance,Current balance,Current balance
column.First_Completed,First Completed,First Completed
column_heading.event_source,Event source,Event source
column_heading.Level,Level,Level
confirm_body.archive_location,Are you sure you would like to delete this Location?,Are you sure you would like to delete this Location?
column.Success,Success,Success
table_heading.crop_type,Crop type,Crop type
custom_header.question_10,{Reportviewer:uQuestion10Header},{Reportviewer:uQuestion10Header}
custom_header.crop22,{DashboardUtil:uCrop22},{DashboardUtil:uCrop22}
column_heading.question_description,Question description,Question description
alert.uploadfile.confirmprocessdone,The uploaded file has been processed successfully.,The uploaded file has been processed successfully.
alert_error.bulk_message_null,Bulk Message could not be created.,Bulk Message could not be created.
info.Notes,Notes,Notes
label.type,Type,Type
input_label.registered_on_farm,Registered on farm,Registered on farm
label.stock_item,Stock item,Stock item
view_heading.Voucher_Summary,Voucher Summary,Voucher Summary
column_heading.role_group,Role group,Role group
view_heading.manage_Group_Members,Manage Group Members,Manage Group Members
custom_header.crop23,{DashboardUtil:uCrop23},{DashboardUtil:uCrop23}
label.fertiliser,Fertiliser,Fertiliser
table.Category_List,Category List,Category List
column.ward,Ward,Ward
label.New_CaseSensitive_Text,New CaseSensitive Text,New CaseSensitive Text
column.S/No,S/No,S/No
custom_header.Voucher_Value_Redeemed,Voucher Value Redeemed,Voucher Value Redeemed
alert.user_re-enrolling_not_exist,"Cannot re-enroll this user as it was never invited, please deselect 'Re-Enroll'.","Cannot re-enroll this user as it was never invited, please deselect 'Re-Enroll'."
input.amount_to_pay,Amount to pay,Amount to pay
column.nationalCerealsandProduceBoard,NationalCerealsandProduceBoard,NationalCerealsandProduceBoard
alert.helpers.unkown_role,Unknown role.,Unknown role.
column_heading.farmer.status,status,status
column_heading.farmer.farmlatitude,farmlatitude,farmlatitude
button_heading.Confirm_Deposit,Confirm Deposit,Confirm Deposit
column_heading.red,Red,Red
alert.farmer.request.voucher_created,Voucher created.,Voucher created.
menu_item.config,Config,Config
alert.role_updated,Role updated.,Role updated.
view_heading.view_user_group,View user group,View user group
alert_error.sms.no_mobile,No mobile number.,No mobile number.
custom_header.crop3,{DashboardUtil:uCrop3},{DashboardUtil:uCrop3}
view_heading.View_TranslationPair_LangFile,View TranslationPair LangFile,View TranslationPair LangFile
reportsviewheading.Daily_registration,Daily registration,Daily registration
custom_header.crop93,{DashboardUtil:uCrop93},{DashboardUtil:uCrop93}
label.Default_Descriptions,Default Descriptions,Default Descriptions
column.Crop,Crop,Crop
label.date_archived,Date archived,Date archived
custom_header.reportsgenerictemplate_column_int5,{ReportsGenericViewerLabels:column_int5},{ReportsGenericViewerLabels:column_int5}
column_heading.direction,Direction,Direction
view_heading.Farmer_Upload_File,Farmer Upload File,Farmer Upload File
select_user,Select User,Select User
label.path,Path,Path
row_action._Archive,Archive,Archive
column_heading.farm_size,Farm size,Farm size
view_heading.create_Location,Create Location,Create Location
column.date_expired,Date expired,Date expired
view_heading.manage_stock_transaction,Manage stock transaction,Manage stock transaction
label.paid,Paid,Paid
column_heading.expired,Expired,Expired
button.remove,Remove,Remove
label.id_number_*,Id number *,Id number *
custom_header.reportsgenerictemplate_column_string7,{ReportsGenericViewerLabels:column_string7},{ReportsGenericViewerLabels:column_string7}
button.Refresh,Refresh,Refresh
result.config_description_not_set,Config description not set.,Config description not set.
input.messageContent,MessageContent,MessageContent
reports_crop.Crop,Crop,Crop
column.kephisCertNumber,KephisCertNumber,KephisCertNumber
button_heading.select,Select,Select
button_heading.View_All_Orders,View All Orders,View All Orders
view_heading.PreReg_Farmers,PreReg Farmers,PreReg Farmers
alert.object.voucher_batch_name_required,Voucher Batch name required,Voucher Batch name required
view_heading.config_menu,Config menu,Config menu
custom_header.crop86,{DashboardUtil:uCrop86},{DashboardUtil:uCrop86}
menu_item.logs,Logs,Logs
column.Farmers_with_GPS_coordinates,Farmers with GPS coordinates,Farmers with GPS coordinates
reportsviewheading.Configurable_Questions,Configurable Questions,Configurable Questions
table_heading.Agro_Dealer_Transaction_Fee_History,Agro Dealer Transaction Fee History,Agro Dealer Transaction Fee History
custom_header.crop25,{DashboardUtil:uCrop25},{DashboardUtil:uCrop25}
column_heading.farmer.physicaladdress,physicaladdress,physicaladdress
view_heading.view_voucher_batch,View voucher batch,View voucher batch
button.Load_Translations,Load Translations,Load Translations
reports_redeemed.QTY_Redeemed,QTY Redeemed,QTY Redeemed
reports_budgetoutstandingksh.Budget_outstanding_(Ksh),Budget outstanding (Ksh),Budget outstanding (Ksh)
label.Report_Description,Report Description,Report Description
custom_header.crop6,{DashboardUtil:uCrop6},{DashboardUtil:uCrop6}
label.Last_Updated,Last Updated,Last Updated
view_heading.Create_Voucher_Batch,Create Voucher Batch,Create Voucher Batch
info.Uploader_Name,Uploader Name,Uploader Name
view_heading.Location_Hierarchy,Location Hierarchy,Location Hierarchy
table_heading.scheduled_events,Scheduled events,Scheduled events
label.bags_redeemed,Bags redeemed,Bags redeemed
column_heading.verified,Verified,Verified
reports_reportdescription.isGenericReport,IsGenericReport,IsGenericReport
column_heading.Question,Question,Question
alert_error.template.required_field,Please note this field is required: {field},Please note this field is required: {field}
menu_item.Receipts,Receipts,Receipts
custom_header.reportsgenerictemplate_column_location4,{ReportsGenericViewerLabels:column_location4},{ReportsGenericViewerLabels:column_location4}
view_heading.Voucher_Request_Details,Voucher Request Details,Voucher Request Details
reportsviewheading.Enterprise_Summary_Report,Enterprise Summary Report,Enterprise Summary Report
alert.object.voucher_batch_request_code_exists,Request code {fAttributeName} already in user by another Voucher Batch,Request code {fAttributeName} already in user by another Voucher Batch
confirmation.reject_messages_subject,Reject Messages?,Reject Messages?
label.Info,Info,Info
table_heading.voucher_template,Voucher template,Voucher template
label.bags_available,Bags available,Bags available
reportstableheading.Reports,Reports,Reports
